0.0
1.324268800179832e-22
2.7140730340337046e-19
2.3576380903225467e-17
5.566004158610322e-16
1.2489833974293814e-10
1.1057878320928646e-09
4.563966629008838e-09
1.4016417020643912e-08
3.599298921531742e-08
7.77952732714357e-08
1.3272667779762095e-07
2.3029268344372035e-07
4.1271716820430837e-07
7.337700410330928e-07
1.2810171127669751e-06
2.1793913222744343e-06
3.5186418499991822e-06
5.445371690777737e-06
8.134284489433764e-06
1.1770230125759771e-05
1.6526435838583245e-05
2.2688996187577223e-05
3.053738872151734e-05
4.036466582283543e-05
5.241906103543082e-05
6.688064680575721e-05
8.421645673771405e-05
0.00010470874774949671
0.0001286307255685611
0.00015597047429714964
0.0001869132865364811
0.00022180314932061004
0.0002606590471230073
0.000303472277322199
0.0003501600339065703
0.00040055762836249274
0.0004544148816235073
0.0005113951873051891
0.0005710771269759569
0.0006329586491179591
0.0006964637891936506
0.0007609518367369745
0.0008257287714351523
0.0008900607029720669
0.0009531889669327252
0.001014346458417482
0.00107277473034604
0.0011277413461467838
0.0011785569570952415
0.0012245915736287846
0.001265289518173192
0.0013001825844532276
0.001328900984107012
0.0013511817339278837
0.0013668742236399344
0.0013759428015190016
0.001378466319617618
0.0013746346876846115
0.0013647425907202149
0.001349180625068007
0.0013284241977452812
0.001303020609396266
0.0012735747993443298
0.0012407342688861842
0.0012051737141583778
0.0011675798914576468
0.001128637205654376
0.0010890144572225607
0.001049353107483821
0.0010102573281726966
0.0009722859948165299
0.0009359466692816028
0.0009016915017932085
0.0008699148741993496
0.0008409525119944863
0.000815081720212636
0.0007925223543443179
0.0007734381267795488
0.0007579378743043927
0.0007460764722992434
0.0007378551728501507
0.0007332212605327919
0.0007320670524500758
0.0007342284078478206
0.0007394830457968444
0.0007475490846430043
0.0007580843011916725
0.000770686647870269
0.0007848965507070035
0.0008002014319525333
0.0008160427575902582
0.000831825710808611
0.0008469313579744603
0.0008607309335050345
0.0008726016583528998
0.0008819433543514574
0.0008881950432772576
0.0008908507294200893
0.0008894736463373001
0.0008837083798727146
