0.0
1.324268800179832e-22
2.7140730340337046e-19
2.3576380903225467e-17
5.566004158610322e-16
1.2489833974293814e-10
1.1057878320928646e-09
4.563966629008838e-09
1.4016417020643912e-08
3.599298921531742e-08
7.77952732714357e-08
1.3272667779762095e-07
2.3029268344372035e-07
4.1271716820430837e-07
7.337700410330928e-07
1.2810171127669751e-06
2.1793913222744343e-06
3.5186418499991822e-06
5.445371690777737e-06
8.134284489433764e-06
1.1770230125759771e-05
1.6526435838583245e-05
2.2688996187577223e-05
3.053738872151734e-05
4.036466582283543e-05
5.241906103543082e-05
6.688064680575721e-05
8.421645673771405e-05
0.00010470874774949671
0.0001286307255685611
0.00015597047429714964
0.0001869132865364811
0.00022180314932061004
0.0002606590471230073
0.000303472277322199
0.000350199444346554
0.0004011862063291182
0.0004559241159656766
0.0005138787085963163
0.0005745389609026108
0.0006373321777473856
0.0007016120254645613
0.0007666637768913581
0.0008317155081329257
0.000895952692754093
0.0009585352049368558
0.0010186160718838508
0.0010753613690247519
0.0011279706385646502
0.0011756971907405374
0.001217867637629631
0.0012539000191894815
0.001283319913266862
0.0013057739759459368
0.001321040434544092
0.0013290361503367366
0.0013298199783138309
0.001323592272879554
0.0013106905168921502
0.0012915811820585423
0.001266848056656702
0.0012371773971816124
0.0012033403693523046
0.0011661733368320227
0.0011265566291996667
0.0010853924707474561
0.0010435827756231537
0.0010020075104123262
0.0009615042912074598
0.0009228498187401372
0.0008867436644069486
0.0008537948064013754
0.0008245111853062305
0.0007992924107785601
0.0007784256145678312
0.0007620843189233889
0.0007503300809569234
0.0007431165881133907
0.0007402958206156752
0.0007416258644778063
0.000746779952603145
0.0007553563295123081
0.0007668885743849566
0.000780856073637293
0.0007966944038354523
0.000813805463401407
0.0008315672718018577
0.0008493434318322368
0.000866492318181417
0.0008823761078287052
0.0008963697997003522
0.0009078703781342267
0.0009163062543003605
0.0009211470709978419
0.0009219138807860237
0.0009181896095116808
0.000909629604117956
0.0008959719450395889
0.0008770470916182954
0.0008527863372884907
0.0008232284933168458
