0.0
1.324268800179832e-22
2.7140730340337046e-19
2.3576380903225467e-17
5.566004158610322e-16
1.2489833974293814e-10
1.1057878320928646e-09
4.563966629008838e-09
1.4016417020643912e-08
3.599298921531742e-08
7.77952732714357e-08
1.3272667779762095e-07
2.3029268344372035e-07
4.1271716820430837e-07
7.337700410330928e-07
1.2810171127669751e-06
2.1793913222744343e-06
3.5186418499991822e-06
5.445371690777737e-06
8.134284489433764e-06
1.1770230125759771e-05
1.6526435838583245e-05
2.2688996187577223e-05
3.053738872151734e-05
4.036466582283543e-05
5.241906103543082e-05
6.688064680575721e-05
8.421645673771405e-05
0.00010470874774949671
0.0001286307255685611
0.00015597047429714964
0.0001869132865364811
0.00022180314932061004
0.0002606590471230073
0.000303472277322199
0.000350199444346554
0.0004011862063291182
0.0004559241159656766
0.0005138787085963163
0.0005745389609026108
0.0006371757504918207
0.0007013131699039235
0.000766394552047538
0.0008315947692422808
0.0008961128607629779
0.0009586223751916603
0.0010182063329420964
0.0010744740385253261
0.0011266145378366387
0.0011738914211309535
0.0012156516933617546
0.0012513414877340122
0.0012805216264406797
0.0013028808690371348
0.0013182460765826167
0.0013265887996297728
0.0013280279155055614
0.0013228280599458426
0.0013113937467115779
0.0012942592398420718
0.0012720744210266135
0.0012455870665089097
0.0012156221064653456
0.0011830585759852687
0.0011488050669118829
0.0011137745406440656
0.0010788593580265285
0.0010449073283903443
0.0010126994882766623
0.0009829302073869025
0.0009561900997753674
0.0009329521029763838
0.0009135609820484595
0.0008982264201321643
0.0008870197698036044
0.0008798744570221208
0.00087658994916441
0.000876839119310946
0.000880178761065386
0.0008860629335980571
0.0008938587480626191
0.0009028641471602234
0.0009123271824444272
0.0009214662615551115
0.0009294908218276845
0.0009356218886599055
0.0009391119966512828
0.0009392639878058802
0.0009354482518828868
0.0009271180361924957
0.0009138225219370199
0.0008952174374045445
0.0008710730508914266
0.0008412794547839113
0.0008058491145150439
0.0007649167112504995
0.00071873635558096
0.0006676762925457486
0.0006122112575111321
0.0005529126786958327
0.0004904369551731622
