0.0
3.839821014940951e-15
4.895988625983743e-13
8.311486275537324e-12
6.170636560728748e-11
2.908450461465531e-10
1.0274828638040332e-09
2.97255717602732e-09
7.424845353960223e-09
1.6567458255277194e-08
3.380246619253531e-08
6.411781625518317e-08
1.1446536144815716e-07
1.9412469256296377e-07
3.1502487338896136e-07
4.9199548168247e-07
7.42918860997676e-07
1.0887591751255844e-06
1.553448886359947e-06
2.1636177123993305e-06
3.0864229448965823e-06
4.549845926438035e-06
6.551046823916427e-06
9.155000996765885e-06
1.2443282815359215e-05
1.6266280945272102e-05
2.080309707013768e-05
2.6294890090434994e-05
3.2855585284080725e-05
4.058620606652514e-05
5.1228839238738106e-05
6.531729661119001e-05
8.151882246437001e-05
0.00010005581752218232
0.00012107778565578744
0.00014517741377184515
0.00017262578763361863
0.0002030522980319887
0.00023648664945611565
0.00027289896664076894
0.00031210315589910644
0.00035418817413990255
0.00039908906267428334
0.00044643960313974683
0.0004958919015441089
0.000546553738041953
0.0005994435748509928
0.0006536659035406564
0.0007086654495200667
0.0007639140793453523
0.0008190353510331843
0.0008737682228989122
0.0009270415443938582
0.00097823058388759
0.0010267182896420467
0.0010736323394421265
0.0011175602585135089
0.001156885661094344
0.0011912227420103009
0.001220177532123563
0.0012434229644963804
0.0012607164829094315
0.0012719082890023294
0.001276945265972184
0.001275871693348226
0.001268827131508736
0.001256041695642509
0.0012378289310845498
0.0012145765420219267
0.0011867352800707196
0.0011548063543632232
0.001119327773460989
0.001080860067299938
0.0010399718615485463
0.0009972257851668612
0.0009531651832155367
0.0009083020803116603
0.0008631067953963348
0.0008179995461318967
0.0007733443024269725
0.000729445055175414
0.0006865445609787366
0.0006448255099624695
0.0006044139462829906
0.0005653846549872011
0.0005277681208717129
0.0004915585720038575
0.00045672255023830377
0.00042320741110171386
0.000390949152998642
0.000359879016623908
0.0003299283831742771
0.0003010316343401894
0.0002731268134012881
0.00024615413482727093
0.00022005261356025313
0.00019475530331344366
0.00017018382085388082
0.00014624296474227634
0.00012281628999422304
9.97634597450352e-05
