0.0
-9.862626887796457e-27
-9.28427177117347e-23
-1.8561517523600627e-20
-7.846685401402574e-19
-1.420515909626328e-17
-1.5045827406390121e-16
-1.1005818932113485e-15
-6.13710817767877e-15
-2.7801639792434086e-14
-1.068532405467275e-13
-3.593733207591489e-13
-1.0820661438480973e-12
-2.967777508280008e-12
-7.514834989050382e-12
-1.2664753726372042e-10
-1.2180077822408555e-09
-3.4699186677701994e-09
-7.60334614334117e-09
-1.462054353018254e-08
3.5162912370454653e-09
9.453997835481543e-08
2.755140832613068e-07
5.864600487965249e-07
1.0760209125763805e-06
1.819316720844974e-06
2.9203503660973065e-06
4.460424276168646e-06
6.5458280964989595e-06
9.292409238937416e-06
1.2832845173705771e-05
1.7311741396767967e-05
2.2848904009885456e-05
2.9578347630359307e-05
3.762869869486764e-05
4.726474040806246e-05
5.882289324950669e-05
7.210979289510951e-05
8.722928291368346e-05
0.0001042416890941698
0.00012317504227340963
0.0001440254422861755
0.00016675621781054667
0.00019129765069464364
0.0002175476069123916
0.0002453731642714854
0.0002746132354049093
0.00030508212757398504
0.0003365739352446446
0.0003688676226345736
0.00040173262112641595
0.00043493474132410393
0.0004682421824582671
0.0005014314135039589
0.0005342927011289162
0.000566635069447784
0.0005982904951428554
0.0006291171680880468
0.0006590016811139506
0.0006878600516358251
0.0007156375209779308
0.0007423071226693819
0.0007678670569952231
0.0007923369539042593
0.000815753148322129
0.0008381631294492767
0.0008596193573825147
0.0008801726652538606
0.0008998654821530544
0.0009187251207826459
0.0009367573737623358
0.0009539406537222661
0.0009702208950849991
0.0009855074103517633
0.0009996698617759491
0.0010125364719438734
0.0010238935558757908
0.0010334864151831072
0.0010410215943969842
0.0010461704639653172
0.0010485740667995037
0.0010478491484660502
0.0010435952870342722
0.0010354030474553507
0.0010228631051233455
0.0010055763091881577
0.000983164680713403
0.0009552833541481771
0.0009216334621119389
0.0008819759234341475
0.0008361460162487118
0.0007840685006962017
0.0007257729055085356
0.0006614084231129054
0.0005912576892230392
0.0005157485797701623
0.000435463065778495
0.0003511421474144127
0.00026368595684241346
0.00017414828070270286
8.372500076694574e-05
