0.0
-9.862626887796457e-27
-9.28427177117347e-23
-1.8561517523600627e-20
-7.846685401402574e-19
-1.420515909626328e-17
-1.5045827406390121e-16
-1.1005818932113485e-15
-6.13710817767877e-15
-2.7801639792434086e-14
-1.068532405467275e-13
-3.593733207591489e-13
-1.0820661438480973e-12
-2.967777508280008e-12
-7.514834989050382e-12
-1.2664753726372042e-10
-1.2180077822408555e-09
-3.4699186677701994e-09
-7.60334614334117e-09
-1.462054353018254e-08
3.5162912370454653e-09
9.453997835481543e-08
2.755140832613068e-07
5.864600487965249e-07
1.0760209125763805e-06
1.819316720844974e-06
2.9203503660973065e-06
4.460424276168646e-06
6.5458280964989595e-06
9.292409238937416e-06
1.2832845173705771e-05
1.7311741396767967e-05
2.2848904009885456e-05
2.9578347630359307e-05
3.762869869486764e-05
4.726474040806246e-05
5.882289324950669e-05
7.210979289510951e-05
8.722928291368346e-05
0.0001042416890941698
0.00012423639922401556
0.00014968189878828225
0.00017910521752109585
0.00021210461069244368
0.0002485296115925479
0.0002882331170917284
0.0003310257682336633
0.00037666311429016333
0.0004248424702353246
0.00047520423732526243
0.0005273360499544327
0.0005807790598692438
0.0006350359491905411
0.0006895803406357301
0.0007438672821738339
0.0007973444707113584
0.0008494638637525288
0.000899693317516935
0.0009475278886893032
0.0009925004467357076
0.0010341912653123505
0.001072236294722578
0.0011063338620697794
0.0011362496006281652
0.0011618194734064982
0.0011829508256818847
0.0011996214743541496
0.0012118769140770538
0.0012198257855380134
0.0012236338026939807
0.001223516364972947
0.0012197300800731777
0.001212563390147946
0.001202326435190294
0.0011893402218003317
0.0011739251251487663
0.001156388772463573
0.0011370134607310129
0.0011160434432410428
0.0010936726384393745
0.0010700335086328778
0.0010451879692591685
0.0010191211940483436
0.0009917390838994054
0.0009628699954459336
0.0009322711090950085
0.0008996395754007325
0.0008646283209979252
0.0008268661239969425
0.0007859812895434394
0.0007416279821601593
0.0006935140225766764
0.0006414287570576303
0.0005852694807388335
0.000525064863541278
0.00046099390183208273
0.00039339910628166436
0.0003227929302460229
0.0002498568244082144
0.0001754327404521654
0.00010050735782200397
