0.0
5.5158956659159e-41
6.164010855008239e-37
3.974897981473759e-35
3.0009552235236307e-33
1.3786898452965706e-17
2.9225518058042396e-16
1.9457958648519775e-15
8.575052991814048e-15
2.9939189125934674e-14
-8.366473799081163e-12
-3.3854914974691496e-13
3.018430494668577e-12
6.734147163098182e-12
1.4771189176520678e-11
3.8010785462604685e-10
-2.4823555660292105e-10
-3.783488950913834e-10
-5.367447410407214e-10
-8.218545198419923e-10
-1.861488959907123e-08
-4.4888747585399857e-08
-6.312547097923334e-08
-8.256092702758796e-08
-1.0440606884535688e-07
-1.3440270789174158e-07
-1.8644552403355436e-07
-2.4609921094975386e-07
-3.1418663286688835e-07
-3.9163587042912265e-07
-4.7231933893967905e-07
-5.21243714979266e-07
-5.685423363985332e-07
-6.18010689960615e-07
-6.702948407363716e-07
-7.231540937569259e-07
-8.159964023903905e-07
-8.901559193484027e-07
-9.414182923248328e-07
-9.65666848622371e-07
-9.379142928970254e-07
-8.269583742412586e-07
-6.772953547296708e-07
-4.872231029851412e-07
-2.5398972724937934e-07
2.4801152860911695e-08
3.507662596419042e-07
7.244415551358881e-07
1.1450375252977784e-06
1.6102547930852669e-06
2.116157075251029e-06
2.657081751187846e-06
3.2255635020015882e-06
3.812255393018613e-06
4.405845007106197e-06
4.992972629063175e-06
5.558161975851104e-06
6.083773306120259e-06
6.5499862232440425e-06
6.934816604990061e-06
7.214169577560045e-06
7.361928656632766e-06
7.350080353465976e-06
7.148873908152176e-06
6.7270174987954e-06
6.0519152246407844e-06
5.0899530318512765e-06
3.8068458794401927e-06
2.1680618998908766e-06
1.393410448553812e-07
-2.3126752304155273e-06
-5.219690910616417e-06
-8.6108742447418e-06
-1.251185412861212e-05
-1.6943611915466272e-05
-2.1921299070624977e-05
-2.74530225047236e-05
-3.353864843630628e-05
-4.0168681375842615e-05
-4.732327688836152e-05
-5.497144519550233e-05
-6.307049770806219e-05
-7.156578063292646e-05
-8.039072925774746e-05
-8.94672637185035e-05
-9.870653236212709e-05
-0.00010800999276182148
-0.0001172708039058341
-0.00012637548738911406
-0.00013520580234174893
-0.00014364077026874852
-0.00015155878366740277
-0.00015883973717488226
-0.0001653671317462614
-0.00017103011904531147
-0.00017572547139174037
-0.0001793594777759484
-0.00018184977406773356
-0.0001831271121533675
-0.00018313705715178815
-0.00018184157597968682
