0.0
4.974171083731843e-15
6.570716357250908e-13
1.1242342551644e-11
8.370866176330753e-11
3.767737419994979e-10
1.304858515363678e-09
3.882069058589037e-09
1.013178344705773e-08
2.3687639327410085e-08
5.021772655978373e-08
1.0022754893571692e-07
1.86711879277491e-07
3.2710849446746696e-07
5.464423181429223e-07
8.729191938504386e-07
1.4105548528096708e-06
2.1732062089512166e-06
3.2423110079353057e-06
4.703442704993021e-06
6.64143921914837e-06
9.52591599149336e-06
1.3398249670727787e-05
1.8457782351351708e-05
2.4937113518745834e-05
3.322619582599216e-05
4.3548737249120135e-05
5.6222694638899134e-05
7.15782429774015e-05
8.993502254597336e-05
0.00011158585236646189
0.00013670389398926427
0.0001656006812731676
0.00019848085928327231
0.0002354902381767096
0.0002769555180212194
0.00032260658565583277
0.0003722020943586324
0.0004256098679118974
0.00048257397883583013
0.0005428602812175476
0.0006060474336117866
0.0006715815629526084
0.0007388571012982728
0.000807225803244878
0.0008760536455007725
0.0009447087511908402
0.0010123443991612168
0.0010781217209506469
0.0011412439590819884
0.0012009462162727836
0.001256506246675768
0.001307258583332396
0.001352608358336626
0.0013920437476687994
0.0014251465004917756
0.001451600206833045
0.001471196072792624
0.0014838360658409985
0.0014895333815545982
0.0014884102702275713
0.001480693344779109
0.0014667065670408554
0.001446862175212856
0.0014216498687931462
0.0013916246066519977
0.0013573933975920514
0.0013196014698446073
0.0012789181965011521
0.0012360231288085386
0.0011915924504304644
0.0011462861159094659
0.001100735879093089
0.0010555343562218523
0.0010112252080883316
0.0009682944706697166
0.0009271630182826605
0.000888180111562279
0.0008516179676671932
0.0008176672942851813
0.0007864337531746464
0.0007579353624467115
0.0007321009070481146
0.0007087694993853008
0.00068769151005595
0.0006685311635175306
0.0006508711548166358
0.0006342196797521809
0.0006180202704516553
0.0006016647808274622
0.0005845097638499607
0.0005658963212372678
0.0005451732877801755
0.0005217233455454288
0.0004949913633993568
0.000464513947632267
0.00042994889903487523
0.0003911030336047587
0.0003479566717220189
0.00030068306388152355
0.0002496611209622944
