0.0
4.974171083731843e-15
6.570716357250908e-13
1.1242342551644e-11
8.370866176330753e-11
3.767737419994979e-10
1.304858515363678e-09
3.882069058589037e-09
1.013178344705773e-08
2.3687639327410085e-08
5.021772655978373e-08
1.0022754893571692e-07
1.86711879277491e-07
3.2710849446746696e-07
5.464423181429223e-07
8.729191938504386e-07
1.4105548528096708e-06
2.1732062089512166e-06
3.2423110079353057e-06
4.703442704993021e-06
6.64143921914837e-06
9.52591599149336e-06
1.3398249670727787e-05
1.8457782351351708e-05
2.4937113518745834e-05
3.322619582599216e-05
4.3548737249120135e-05
5.6222694638899134e-05
7.15782429774015e-05
8.993502254597336e-05
0.00011158585236646189
0.00013670389398926427
0.0001656006812731676
0.00019848085928327231
0.0002354902381767096
0.0002769555180212194
0.00032260658565583277
0.0003722020943586324
0.0004256098679118974
0.00048257397883583013
0.0005427434545237474
0.0006056812859735157
0.0006708715767938238
0.0007377281168420607
0.0008056049102315572
0.0008738085863652943
0.0009416124210881494
0.0010082715845342212
0.0010730391541086555
0.0011351823816734272
0.001193998685733712
0.0012488308452131493
0.001299080891843923
0.0013442222332481443
0.00138380959472163
0.001417486446486902
0.0014449896801910773
0.0014661514071819782
0.0014808978661172804
0.0014892455442152217
0.0014912947305886258
0.0014872208271398972
0.0014772638379331165
0.0014617165375067453
0.001440911878373946
0.0014152102347011238
0.0013849870903168335
0.0013506217630830052
0.0013124877134878807
0.0012709449133165652
0.0012263346516915633
0.0011789770330097938
0.0011291712778234394
0.0010771987781732016
0.0010233286891446467
0.0009678256655775246
0.0009109591852597757
0.0008530137471395045
0.0007942991057312151
0.0007351596124285386
0.0006759816926429206
0.0006171985059140442
0.0005592909242424335
0.000502784128894145
0.0004482393704245553
0.00039624075720398036
0.00034737732324388127
0.00030222105673939853
0.0002613020170668104
0.00022508209119834798
0.00019392929372624883
0.00016809474611831032
0.000147694529474646
0.0001326984493499551
0.00012292735962744192
0.00011806007382762087
0.00011765009219011038
0.00012115147255948051
0.0001279522790005278
0.000137413267890146
0.00014890891670131886
