0.0
4.974171083731843e-15
6.570716357250908e-13
1.1242342551644e-11
8.370866176330753e-11
3.767737419994979e-10
1.304858515363678e-09
3.882069058589037e-09
1.013178344705773e-08
2.3687639327410085e-08
5.021772655978373e-08
1.0022754893571692e-07
1.86711879277491e-07
3.2710849446746696e-07
5.464423181429223e-07
8.729191938504386e-07
1.4105548528096708e-06
2.1732062089512166e-06
3.2423110079353057e-06
4.703442704993021e-06
6.64143921914837e-06
9.52591599149336e-06
1.3398249670727787e-05
1.8457782351351708e-05
2.4937113518745834e-05
3.322619582599216e-05
4.3548737249120135e-05
5.6222694638899134e-05
7.15782429774015e-05
8.993502254597336e-05
0.00011158585236646189
0.00013670389398926427
0.0001656006812731676
0.00019848085928327231
0.0002354902381767096
0.0002769555180212194
0.00032260658565583277
0.0003722020943586324
0.0004256098679118974
0.00048257397883583013
0.0005428602812175476
0.0006060474336117866
0.0006715815629526084
0.0007388571012982728
0.000807225803244878
0.0008759920957245598
0.0009444251605415235
0.0010117737231701137
0.0010772821039729168
0.0011402068505057942
0.0011998333803859324
0.001255492086416828
0.001306573370669965
0.00135254110082623
0.001392944026893534
0.0014274247620463406
0.0014557260170340602
0.0014776938796569167
0.0014932780441939799
0.001502529015846721
0.0015055924385566286
0.0015027008172426976
0.0014941630227290636
0.0014803520730091136
0.0014616917704801586
0.0014386428334779964
0.0014116891844542087
0.001381325040453075
0.0013480433903887464
0.001312326337407811
0.001274637636884274
0.0012354175797438833
0.0011950801703958533
0.0011540123466719937
0.0011125748068788106
0.0010711038676396152
0.0010299136937312902
0.0009892982290482504
0.0009495322183735666
0.0009108708349647753
0.0008735476025253971
0.0008377705000415202
0.0008037163414907425
0.000771523710435351
0.0007412848895172215
0.0007130373520186668
0.0006867554783580928
0.0006623432292296125
0.0006396285528738628
0.0006183603261046667
0.0005982086200409739
0.0005787690282158608
0.0005595716789417068
0.0005400953582374835
0.0005197868838003823
0.0004980854968094387
0.0004744515962178472
0.00044839866691375407
0.00041952680043370086
0.00038755583363301547
0.00035235589300080795
