0.0
4.886980608153494e-15
6.230798333223495e-13
1.0576384687023537e-11
7.850999377008739e-11
3.6997600837705474e-10
1.3067212946153592e-09
3.7793188115150764e-09
9.436756639215146e-09
2.1048386252958705e-08
4.342177317407412e-08
8.460520217274885e-08
1.5512055241418822e-07
2.7019950168820295e-07
4.5017296376341096e-07
7.212179668709279e-07
1.1159224850545526e-06
1.6736183407533183e-06
2.4404188614669537e-06
3.4689100361344965e-06
4.806013575970865e-06
6.585349060545552e-06
8.953856488827925e-06
1.2012475608634183e-05
1.588812536931597e-05
2.071925240198161e-05
2.6652147086896148e-05
3.383731981651235e-05
4.2425744110737384e-05
5.256483202158839e-05
6.457240456885649e-05
7.998315145173841e-05
9.801781770381039e-05
0.00011890942140278338
0.00014285249448046103
0.00017000495065732014
0.0002004794201207935
0.00023433485596537234
0.00027156896851343685
0.0003121118565490017
0.00035582115961489734
0.00040247901287236005
0.00045179103384493147
0.0005033875079627232
0.0005568268687614387
0.0006116014912905217
0.0006671457365959108
0.0007228461041363199
0.0007780532707980989
0.0008320957228386621
0.0008842946234462725
0.0009339795061622609
0.0009805043452559476
0.0010232635298594642
0.0010617072602901892
0.0010953558929528344
0.0011238127843574927
0.0011467752243557211
0.0011640431023580485
0.0011755250162164851
0.0011812416093498368
0.0011813260049180424
0.0011760212935155593
0.00116567511990723
0.0011507315016980914
0.0011317200955233608
0.0011092432015849033
0.0010839608626776309
0.0010565744671884715
0.0010278093053507006
0.0009983965532926404
0.0009690551697211524
0.0009404741856186445
0.000913295848881902
0.0008881000546924452
0.0008653904503226457
0.000845582552111416
0.0008289941547270905
0.0008158382508293896
0.0008062186149567104
0.00080012814071503
0.0007974499565405376
0.0007979612833939655
0.0008013399382186066
0.0008071733299963705
0.0008149697407203393
0.0008241716315480262
0.0008341706650428177
0.000844324088431988
0.0008539720814343692
0.0008624556371904636
0.0008691345182863134
0.000873404814043998
0.0008747156222213962
0.000872584389643037
0.0008666104730729893
0.0008564865241656886
0.0008420073602823003
0.0008230760554666112
0.000799707071524177
0.0007720263459078384
