0.0
4.886980608153494e-15
6.230798333223495e-13
1.0576384687023537e-11
7.850999377008739e-11
3.713640203400731e-10
1.387613560380578e-09
4.293691894688232e-09
1.13705831279711e-08
2.6663737518220718e-08
5.592086055271151e-08
1.0594259390321286e-07
1.9467986848176004e-07
3.4020767424217125e-07
5.677586500065967e-07
9.051404700665668e-07
1.4155092107835156e-06
2.1629535659451663e-06
3.219344382732819e-06
4.673646161419407e-06
6.6540068830707635e-06
9.701222265394853e-06
1.3989468353136309e-05
1.9597231547799532e-05
2.67307013749555e-05
3.52835730308586e-05
4.602208838897546e-05
5.9115248452372024e-05
7.485356157287472e-05
9.352978197197824e-05
0.00011543131061884925
0.00014077725218965295
0.00016978174960002645
0.00020261213910059705
0.00023937618960368306
0.0002801227079151417
0.0003249113591051792
0.0003735843394572224
0.0004259163250985537
0.00048160348719153455
0.0005402305815270945
0.0006010893274799722
0.0006638045549522203
0.0007277539197627019
0.000792254654411537
0.0008565829452501628
0.0009199888611477021
0.0009817132795319878
0.0010410059765955976
0.0010971441956601213
0.0011494510571829614
0.0011973131863449475
0.0012401969501180039
0.0012776627272650034
0.0013093766851012608
0.0013351196061238768
0.0013547923943971196
0.001368417993595822
0.0013761395629697697
0.0013782148808770779
0.0013750070743065404
0.0013669719031242963
0.0013546419556590028
0.001338608233607321
0.001319499714924921
0.0012979615790649362
0.0012746328551669376
0.0012501243059699198
0.0012249973837234706
0.0011997450850233086
0.0011747754862408643
0.0011503986590277657
0.0011268175481455144
0.001104123246794224
0.0010822949356693063
0.0010612045703450419
0.001040626215482329
0.0010202497392093445
0.0009996983990464016
0.0009785496723844862
0.0009563585112415993
0.0009326820382071038
0.0009071045592141126
0.0008792616656108152
0.0008488621528153355
0.0008157065152063271
0.0007797009017029159
0.0007408656396012741
0.0006993377491946786
0.0006553672582691077
0.0006093075509407162
0.0005616004081996651
0.0005127567744293925
0.0004633345763378443
0.000413915100161976
0.0003650794859048424
0.0003173868246290649
0.0002713551599440515
0.00022744642034833404
0.0001860559729101932
0.00014750712085185403
