0.0
4.886980608153494e-15
6.230798333223495e-13
1.0576384687023537e-11
7.850999377008739e-11
3.6997600837705474e-10
1.3067212946153592e-09
3.7793188115150764e-09
9.436756639215146e-09
2.1048386252958705e-08
4.546583263034809e-08
8.860489204380212e-08
1.6109055878882903e-07
2.783581580045133e-07
4.606353429455222e-07
7.339020816402863e-07
1.1304821030323476e-06
1.6893807466555568e-06
2.4563254101188736e-06
3.4834599390073715e-06
4.812741105958477e-06
6.5438510773412675e-06
8.826284382822529e-06
1.1726171902239326e-05
1.5321602865934285e-05
1.9696759755546025e-05
2.493465094284777e-05
3.111242002134184e-05
3.829744027003366e-05
4.654376308422558e-05
5.62202935878877e-05
6.866489583230439e-05
8.314203293117075e-05
9.958589881639814e-05
0.00011805309347495333
0.00013856984576780316
0.00016112479851771371
0.00018567030419034907
0.0002121232872166516
0.00024036561653769317
0.0002713829816169547
0.00030653154331137264
0.0003438202102267594
0.00038304898131805333
0.00042396303718674524
0.00046626251215942967
0.000509605782200825
0.0005536156593484619
0.0005978872824685054
0.0006419971321034784
0.0006855233831267423
0.0007279524094875368
0.0007687820645269015
0.0008075501322644094
0.0008438339484458503
0.0008772633248223764
0.0009075273735055883
0.0009343823524958368
0.0009576582671846452
0.0009772634040252435
0.0009931863865152374
0.0010054955289412208
0.0010143353944597805
0.0010199205821503083
0.0010225268819478365
0.0010224800470713903
0.001020142537981603
0.0010158986863175769
0.0010101388077506574
0.0010032428555085836
0.000995564248171173
0.0009874145235702811
0.0009790494634052372
0.0009706572996130759
0.0009623495537376243
0.0009541549757199935
0.0009460169409434482
0.0009377945372689284
0.0009292674313467668
0.0009201444505759283
0.0009100756591394636
0.000898667549353504
0.0008855008190587288
0.0008701500679069082
0.000852204626071845
0.00083128963412233
0.0008070864287890937
0.0007793512629652554
0.0007479314071145734
0.000712777751548048
0.0006739531626113852
0.0006316360459396379
0.0005861188356135403
0.0005378014477591778
0.00048718008524869003
0.0004348321168110774
0.0003813980303979849
0.00032756163110642393
0.0002740296894571397
0.00022151214580214362
0.0001707037707979254
