0.0
4.887136981712732e-15
6.231595516085817e-13
1.0579427352500903e-11
7.85501106302223e-11
3.722449334000166e-10
1.3590477153465012e-09
4.105940028533101e-09
1.0720020504542429e-08
2.4934209866433255e-08
5.269882235193841e-08
1.0413760415541271e-07
1.9486032128656373e-07
3.437891934405116e-07
5.770907300690008e-07
9.425224062375428e-07
1.488411326250446e-06
2.289116542247633e-06
3.4139579174232945e-06
4.951396115622787e-06
7.051625961450208e-06
1.0117078749474947e-05
1.4347829829920628e-05
1.996395038950006e-05
2.724784605916118e-05
3.64746372486145e-05
4.7901981453740125e-05
6.185834505664191e-05
7.868019299801304e-05
9.868488280968104e-05
0.00012218176201341958
0.0001493483369070397
0.00018043696941391087
0.00021564518869088866
0.00025509813905316876
0.0002986168880468896
0.0003461382225220522
0.00039775201768943387
0.00045321684637487393
0.0005122212416469725
0.0005745109047403447
0.0006398308282677896
0.0007074310477288666
0.0007766186652709096
0.0008466884266433626
0.0009168960217385533
0.000986465458163796
0.001054603393168383
0.0011205156318866978
0.001183424398779249
0.0012425856037963606
0.0012973054694191003
0.0013469559449640243
0.001390988391256078
0.0014289450899480586
0.001460468219563805
0.0014853060422475785
0.0015033161568790583
0.001514465790540411
0.001518829216023409
0.0015165824929129997
0.0015079958284704125
0.001493423936691203
0.001473294834569432
0.0014480975500010041
0.0014183692240716268
0.0013846820721663353
0.001347630626130441
0.0013078196181496458
0.0012658527917541714
0.0012223228423315718
0.0011778026042625618
0.0011328375188916033
0.0010879393406520435
0.0010435809706981626
0.001000192250961472
0.0009581565093310304
0.0009178076215834533
0.0008794273507660556
0.0008432427426131959
0.0008094233979337926
0.0007780785098813558
0.0007492536437797626
0.0007229273457795063
0.0006990077880631139
0.0006773297847739761
0.0006576526348895847
0.0006396593550796236
0.00062295794511804
0.0006070853675921553
0.0005915149089501964
0.0005756675074629304
0.0005589274749732594
0.0005406627977776136
0.0005202498797641389
0.000497102200589605
0.0004707019279837382
0.00044063308331984
0.00040661446063302523
0.0003685301940567621
0.0003264557086023975
