0.0
4.887136981712732e-15
6.231595516085817e-13
1.0579427352500903e-11
7.85501106302223e-11
3.797351954377781e-10
1.4145973329310998e-09
4.313718888623631e-09
1.1314442206838982e-08
2.6380263417945187e-08
5.49975889474312e-08
1.124746889970096e-07
2.1439482052032087e-07
3.844554041729853e-07
6.550202300321816e-07
1.0883928057927247e-06
1.8014940921893017e-06
2.8745376507648743e-06
4.439262228463931e-06
6.656184400513551e-06
9.712893010378233e-06
1.382108826690589e-05
1.9226309145671463e-05
2.620300063049458e-05
3.504853100897765e-05
4.611181368222111e-05
5.9730255993245156e-05
7.621408858859306e-05
9.588823429471732e-05
0.00011906240892223053
0.00014601932223188974
0.00017700333637936462
0.00021220904332580476
0.0002517702365461962
0.0002957499953531176
0.00034413208173831927
0.00039681392769130326
0.0004536016013669513
0.0005142070634592953
0.0005782479335792812
0.0006452499020511126
0.000714651836137768
0.0007858135385858506
0.0008580260207376417
0.0009305240549350973
0.0010025006787470377
0.00107312325054887
0.001141550618031307
0.0012069509582987405
0.0012685198500103129
0.0013254981085945815
0.0013771888617937795
0.0014229733126192425
0.0014623246640431368
0.0014948197560870357
0.0015201480643268661
0.0015381178109643472
0.0015486590406503953
0.0015518236138911219
0.0015477821711445921
0.0015368182183756616
0.0015193195761237337
0.0014957675148761776
0.001466723965845716
0.001432817244928396
0.0013947267563891254
0.0013531671504655167
0.0013088723955347425
0.00126258019188166
0.0012150171027332033
0.0011668847124449966
0.0011188470458112353
0.001071519401395775
0.0010254586709943442
0.0009811551424945603
0.0009390257200950655
0.0008994084493028767
0.0008625582088547107
0.0008286434310734752
0.0007977437379371218
0.0007698484319485224
0.0007448558558108908
0.0007225737270793451
0.0007027206545465824
0.0006849291406387284
0.0006687504551498127
0.0006536618161008871
0.0006390763200121317
0.0006243560154742112
0.0006088284036509922
0.0005918064756266544
0.0005726121639881214
0.0005506028060885695
0.0005251999070703995
0.0004959191758568154
0.00046240051543381994
0.00042443641081040787
0.00038199700473610823
0.0003352501095869316
0.00028457449354006364
0.0002305650093190798
