0.0
4.887136981712732e-15
6.231595516085817e-13
1.0579427352500903e-11
7.85501106302223e-11
3.722449334000166e-10
1.3590477153465012e-09
4.105940028533101e-09
1.0720020504542429e-08
2.4934209866433255e-08
5.269882235193841e-08
1.0413760415541271e-07
1.9486032128656373e-07
3.437891934405116e-07
5.770907300690008e-07
9.425224062375428e-07
1.488411326250446e-06
2.289116542247633e-06
3.4139579174232945e-06
4.951396115622787e-06
7.051625961450208e-06
1.0117078749474947e-05
1.4347829829920628e-05
1.996395038950006e-05
2.724784605916118e-05
3.64746372486145e-05
4.7901981453740125e-05
6.185834505664191e-05
7.868019299801304e-05
9.868488280968104e-05
0.00012218176201341958
0.0001493483369070397
0.00018043696941391087
0.00021564518869088866
0.00025509813905316876
0.0002986168880468896
0.0003461382225220522
0.00039775201768943387
0.00045321684637487393
0.0005122212416469725
0.0005743701580828655
0.0006391852576206175
0.0007061099683855217
0.0007745177015675485
0.0008437226703375674
0.0009129929043052693
0.0009815650308689118
0.0010486603466686125
0.0011135016630479436
0.001175330385372254
0.0012334232775709228
0.0012871083710870631
0.0013357795029603683
0.0013789090119573145
0.001416058184156486
0.0014468851185229954
0.00147114977602319
0.0014887160792589845
0.001499551039486109
0.0015037209999738885
0.0015013851945108578
0.0014927869228292955
0.0014782427360176332
0.0014581300997746226
0.001432874057069569
0.0014029334407424702
0.0013687871888440719
0.00133092129154423
0.0012898168513212048
0.0012459396729568239
0.0011997317222122467
0.0011516047063915194
0.0011019359384027176
0.0010510665480666635
0.0009993019986866724
0.0009469147523128952
0.0008941488053886258
0.0008412256932483721
0.0007883514472271963
0.0007357238951653065
0.000683539639199765
0.0006320000367565547
0.0005813155604908219
0.0005317080239008128
0.00048341032844109673
0.0004366636056712703
0.00039171187854991445
0.000348794628133563
0.0003081379002081635
0.0002699447933888583
0.00023438630976547158
0.00020159359975149464
0.0001716525810025282
0.00014460175429082154
0.00012043378594264606
9.910109690971347e-05
8.052532189003407e-05
6.461011321119575e-05
5.125640079503717e-05
4.0378917447092376e-05
3.1922589343403245e-05
