-4.799999999999985
-4.719780783459126
-4.484112057624969
-4.107545491404692
-3.612983930633614
-3.0306746451676894
-2.395196983038585
-1.7415279518964621
-1.103554909785288
-0.5110409189690144
0.012153641765011394
0.44884381557593667
0.7906166901271154
1.0360171914804694
1.1900007087182725
1.262498097034967
1.2667069916720153
1.2180258060913016
1.1315823751927863
1.0214173426969828
0.8994778238506482
0.7753748174339226
0.656522314226218
0.5476630867117342
0.45143704296176057
0.368765266036987
0.2993264602648422
0.24215022177492967
0.19576843529315835
0.1585572164900817
0.128919781520342
0.10539835059869108
0.08672993478858652
0.0718623288087947
0.0599448026511662
0.050304898489637144
0.04241956474049985
0.035886000440572205
0.030395258443891723
0.025710009544066763
0.021646818834811152
0.018062633221812525
0.014844812331008105
0.011903916115679558
0.00916853176894692
0.006581577399273397
0.004097742599952058
0.0016821590403574291
-0.0006888091603313149
-0.003022633234378518
-0.00529838520552757
-0.007443341087646675
-0.009294238118841424
-0.010537491504379406
-0.010616077601135789
-0.00857330868506283
-0.0027709757052212253
0.009623893611649444
0.03351615563281168
0.07720035331944118
0.15393796567412021
0.28297647267366205
0.48797319469795564
0.7888291733012295
1.1802851998845272
1.5877535858144174
1.7889482976950317
1.29115100767434
-0.8381634868612393
-6.170636963549026
-17.09467288670281
-36.86541768886946
-69.34736274826018
-118.18444166703136
-185.05509061556336
-266.6372316820482
-349.97896303734507
-406.22613422650016
-383.19690717609114
-198.21726812620034
265.98494124410655
1157.684154328618
2638.04167759773
4839.500590449951
7790.24783852727
11294.568981507004
14762.461471033732
16990.70581663851
15914.09473507032
8372.242569426147
-10023.736765997775
-44788.503094516505
-102024.54378123162
-187181.62509874196
-302784.9390877141
-444769.0903819771
-597078.7309288739
-724320.7177491548
-762532.1992522374
-608630.2741291721
-109905.16707294225
