0.0
8.120859484818667e-23
1.7381278686563538e-19
1.5202484938427605e-17
3.597970137591947e-16
3.7588513463878374e-11
4.2575862049020454e-10
2.405909629945046e-09
8.16119270759568e-09
2.2186104623775925e-08
6.801696672354482e-08
1.649930171083562e-07
3.337732214506502e-07
6.146507711547246e-07
1.0612914457754035e-06
1.7402241493205633e-06
2.74153489791822e-06
4.209232405215887e-06
6.300938560566133e-06
9.207182013755566e-06
1.3152944381596696e-05
1.840928988002333e-05
2.5258158912031508e-05
3.401727670388446e-05
4.50275024547407e-05
5.864595643800587e-05
7.523769052633254e-05
9.516596268695876e-05
0.00011878131443807279
0.00014640973452327295
0.00017834025479802142
0.0002148123740068275
0.0002560037411120944
0.0003020185504962768
0.0003528771053474913
0.0004085069920628084
0.00046873627742708573
0.0005332890922009417
0.0006017839008145285
0.00067373467899553
0.0007485551318246986
0.0008255659868715221
0.0009040052940680082
0.0009830415594527732
0.0010617894376233734
0.0011393276114401555
0.0012147184008703814
0.0012870285692294394
0.0013553507374737957
0.0014188247781516418
0.0014766585420708223
0.0015281472739971152
0.001572691099333521
0.001609810011578702
0.001639155859456606
0.0016605209211764966
0.0016738427587460537
0.0016792051642542491
0.0016768351384640787
0.0016670959751562196
0.001650476657179027
0.0016275778965013712
0.0015990952650861614
0.0015657999607090161
0.0015285178271618712
0.0014881072978227853
0.0014454369529155416
0.0014013633731478196
0.0013567099368599921
0.0013122471472566761
0.0012686749953729696
0.0012266077691874165
0.0011865616166699476
0.0011489450677285278
0.0011140526236685163
0.0010820614382978735
0.0010530310456064085
0.0010269060359456952
0.001003521544134464
0.0009826113848715459
0.0009638186476438257
0.0009467085389245498
0.000930783228671526
0.0009154984177655901
0.0009002812926583881
0.000884549475725644
0.0008677305199538874
0.000849281441817774
0.0008287077443215777
0.000805581359940858
0.0007795569447091968
0.0007503859803921122
0.0007179281887109716
0.0006821598257677473
0.0006431785038124749
0.0006012042832167435
0.0005565768961050175
0.0005097491111183672
0.0004612764268069823
0.0004118034779358636
0.00036204773032535645
