0.0
8.120859484818667e-23
1.7381278686563538e-19
1.5202484938427605e-17
3.597970137591947e-16
3.7588513463878374e-11
4.2575862049020454e-10
2.405909629945046e-09
8.16119270759568e-09
2.2186104623775925e-08
6.801696672354482e-08
1.649930171083562e-07
3.337732214506502e-07
6.146507711547246e-07
1.0612914457754035e-06
1.7402241493205633e-06
2.74153489791822e-06
4.209232405215887e-06
6.300938560566133e-06
9.207182013755566e-06
1.3151656058654126e-05
1.8390608753669762e-05
2.5210868591919582e-05
3.392629429686202e-05
4.48725737194064e-05
5.840038119397339e-05
7.486697671357766e-05
9.462640396915492e-05
0.0001180185162139815
0.00014535712588891297
0.0001769176327881476
0.00021292453334204845
0.00025353924782486024
0.0002988487209442033
0.0003488552529106317
0.00040346800195467636
0.00046249656529601666
0.0005256469944361167
0.0005925205337109422
0.0006626152903389968
0.0007353309523623334
0.0008099765710362106
0.0008857813198944469
0.0009619080376748002
0.0010374692604160909
0.0011115453531860375
0.0011832042677334487
0.0012515223822273601
0.0013156058260462007
0.0013746116586506707
0.001427768258602548
0.0014743942877521973
0.0015139156267266916
0.00154587973055565
0.0015699669262618798
0.0015859982654835973
0.0015939396519821319
0.001593902082927845
0.0015861379703454638
0.0015710336408244813
0.0015490982430381723
0.001520949419034555
0.0014872962118240892
0.0014489197836450615
0.0014066526016762878
0.0013613568063240086
0.001313902507281682
0.0012651467505647666
0.0012159138625565116
0.001166977802656277
0.0011190470437331913
0.0010727523506685504
0.0010286376461784545
0.0009871539482206957
0.0009486561481940984
0.0009134021936439598
0.0008815540696352189
0.0008531798709872143
0.0008282562563290544
0.0008066707018664027
0.0007882232389276437
0.0007726277472610408
0.0007595133301065283
0.0007484267234575498
0.0007388369739304811
0.0007301436497713154
0.0007216895706058261
0.0007127784796387442
0.0007026973515093268
0.0006907423008200309
0.0006762464995700784
0.0006586082355993838
0.0006373172679273973
0.0006119778967437738
0.000582327560572321
0.0005482501961427482
0.0005097839743910424
0.0004671233266540664
0.0004206154007619424
0.00037075125895456076
0.00031815227413179695
