0.0
8.120859484818667e-23
1.7381278686563538e-19
1.5202484938427605e-17
3.597970137591947e-16
3.8292088979279005e-11
4.773673748610056e-10
1.9968489425339876e-09
6.220152207968346e-09
1.632870918195283e-08
4.247292743325993e-08
1.0530410624775824e-07
2.2904101199812743e-07
4.5436218330526366e-07
8.384778045939025e-07
1.4604494308678022e-06
2.424130959130879e-06
3.861574237661858e-06
5.935811152818619e-06
8.842715382237307e-06
1.2811745366555134e-05
1.810535983973479e-05
2.501693726366038e-05
3.3867083440908655e-05
4.499827405597235e-05
5.876784831965016e-05
7.55394433449514e-05
9.567303321296048e-05
0.00011951380863714255
0.00014738019947767308
0.00017955140002834876
0.0002162548032190151
0.00025765378226987355
0.00030383627502712345
0.0003548046259153504
0.0004104671225231306
0.0004706316283442082
0.000535001660877178
0.0006031751965758945
0.0006746464031176034
0.0007488104077653485
0.0008249711113751824
0.0009023519543342625
0.0009801094371471972
0.0010573490983483975
0.001133143559693526
0.0012065521667682317
0.00127664168551384
0.0013425074645178326
0.0014032944414985587
0.0014582173618201898
0.0015065795879782595
0.0015477899119101825
0.0015813768360469856
0.0016069998628085416
0.0016244574236049542
0.0016336911845253946
0.0016347865833670184
0.0016279695775790796
0.0016135997107780342
0.0015921597321534326
0.0015642421235933027
0.00153053299892362
0.0014917939335595183
0.0014488423565744875
0.0014025311864895055
0.00135372841320091
0.001303297318262916
0.0012520779819187595
0.001200870646672264
0.0011504213941860519
0.0011014104473380274
0.0010544432375802688
0.0010100441881094827
0.0009686529689381493
0.0009306227988508749
0.0008962202243458949
0.0008656257232405802
0.000838934486747968
0.0008161568484290633
0.0007972180570686071
0.0007819574158520569
0.0007701271864606206
0.0007613920118585157
0.0007553298607993351
0.0007514355665347933
0.0007491278857981161
0.0007477606614521898
0.0007466382065040952
0.0007450345417983502
0.0007422157128014411
0.0007374641453046377
0.0007301038903479375
0.0007195256287710414
0.0007052104070759779
0.0006867512091916138
0.0006638715975017932
0.000636440765176639
0.0006044844327003584
0.0005681911088231118
0.0005279133382546106
