0.0
8.120859484818667e-23
1.7381278686563538e-19
1.5202484938427605e-17
3.597970137591947e-16
3.8292088979279005e-11
4.773673748610056e-10
1.9968489425339876e-09
6.220152207968346e-09
1.632870918195283e-08
4.247292743325993e-08
1.0530410624775824e-07
2.2904101199812743e-07
4.5436218330526366e-07
8.384778045939025e-07
1.458549812573488e-06
2.415264217189562e-06
3.84018058817253e-06
5.894080357118535e-06
8.770222828340956e-06
1.2695148179376765e-05
1.7928234482467865e-05
2.4759789619051007e-05
3.3507578676508e-05
4.45117422045165e-05
5.8128111301275396e-05
7.471998727116306e-05
9.464852430159578e-05
0.00011826193186286805
0.00014588378243676864
0.00017780076143900285
0.00021425025469896112
0.0002554082712176234
0.00030137827104727126
0.00035218132369807314
0.0004077478181085905
0.00046791103414306316
0.0005324030306173796
0.0006008532201610338
0.0006727898367176249
0.0007476443842490783
0.0008247590640155935
0.0009033970834177071
0.0009827556495152973
0.001061981351626371
0.001140187546051547
0.0012164732766767267
0.0012899432016004791
0.0013597279506462904
0.0014250043131720026
0.0014850146503323908
0.0015390849402215812
0.001586640896806241
0.0016272216527649095
0.0016604905609632855
0.0016862427482724383
0.0017044091477286904
0.0017150568391325921
0.0017183856417076445
0.0017147210219805873
0.0017045035013456384
0.0016882748661203152
0.0016666615935563983
0.00164035600581479
0.0016100957464191563
0.0015766422368004886
0.0015407588114590884
0.0015031892468931939
0.0014646373904606898
0.0014257485604013166
0.001387093328118096
0.0013491542104821538
0.0013123156965918897
0.001276857914402097
0.0012429541130959164
0.001210672002478252
0.00117997885592292
0.0011507501513791933
0.0011227813945098297
0.001095802632168492
0.001069495010342018
0.0010435085457585617
0.0010174800682827463
0.0009910500978885528
0.0009638773538409283
0.0009356498055571416
0.0009060917664163572
0.000874967424597155
0.0008420820868533213
0.0008072828794151634
0.0007704604854147888
0.0007315528258554282
0.0006905507706298012
0.0006475053253847886
0.0006025354030120696
0.0005558351961060715
0.0005076802004957655
0.0004584310217182925
0.0004085342141505316
0.00035851958392473134
0.00030899365607398634
