0.0
-5.60880400293426e-27
-4.7941723368327517e-23
-9.412822364468382e-21
-3.9521861869081213e-19
3.5661763071827384e-12
7.497866194916832e-11
4.5836927857439825e-10
1.829895329458941e-09
5.706584088059788e-09
7.88812060112752e-09
2.0565304699605424e-08
5.6490554658837965e-08
1.3015082376940228e-07
2.672098138548976e-07
5.497769624095099e-07
1.0626551778652672e-06
1.8744490409733184e-06
3.1010628784473554e-06
4.885965621558277e-06
7.401032533249514e-06
1.0846306013315524e-05
1.5449517505206067e-05
2.1465303388773077e-05
2.9171977885063725e-05
3.886611704380217e-05
5.085671281677499e-05
6.545803549469392e-05
8.298108979856917e-05
0.00010372351741067711
0.00012795842697860241
0.00015592493956605565
0.00018781907826681448
0.00022378311013426143
0.0002638952104467142
0.0003081609819866461
0.00035650669962870727
0.0004087741720166154
0.0004647174884707497
0.0005240019340636077
0.000586205275647292
0.0006508215460615384
0.0007172673739426866
0.0007848908142398942
0.0008529825336165845
0.0009207891052167111
0.0009875280782934454
0.0010524044155964564
0.001114627836894582
0.001173430570054417
0.0012280849907354429
0.0012779206274521272
0.0013223400203998962
0.001360832950048223
0.001392988594795971
0.0014185052351683625
0.001437197193707287
0.0014489987828591208
0.0014539651252568012
0.0014522698088513528
0.0014441994400836455
0.0014301452582175835
0.0014105920695337533
0.0013861048478195194
0.001357313424179397
0.001324895751616346
0.0012895602754895825
0.0012520279677308295
0.001213014589083078
0.0011732137287730523
0.0011332811348443812
0.0010938207915756942
0.0010553731245631776
0.001018405621657297
0.0009833060524790389
0.0009503783551990767
0.0009198411422014173
0.000891828662767626
0.0008663939585022113
0.0008435138639122343
0.00082309544827692
0.0008049834724734619
0.0007889684500369438
0.0007747949557178814
0.0007621699122710491
0.0007507706966874379
0.0007402530253152358
0.000730258685354019
0.0007204232601983378
0.0007103840327901897
0.0006997882330428997
0.0006883017148636278
0.000675618002471586
0.0006614674425074335
0.0006456259702240718
0.0006279228169871409
0.0006082464599589792
0.0005865483349256679
0.0005628442833921594
0.0005372142034667
0.0005098006504155115
