0.0
8.015581608460336e-15
1.1608505699237462e-12
2.109416909112484e-11
1.6071821872716952e-10
7.680523986921943e-10
2.737459470136179e-09
7.970858983609127e-09
2.001296181791713e-08
4.485544337785872e-08
9.187038111065738e-08
1.7499580572020522e-07
3.1424407578296004e-07
5.380115998633176e-07
8.820001778603904e-07
1.3904645589070053e-06
2.1101069548274783e-06
3.1067816413356858e-06
4.624209923114018e-06
6.838679979384047e-06
9.825800301825488e-06
1.373544436621761e-05
1.9006767424797854e-05
2.554409299747445e-05
3.3737312383739345e-05
4.386293995759809e-05
5.6211632094878014e-05
7.106926294912133e-05
8.868688318623744e-05
0.00010933688922438568
0.00013324856795103446
0.00016051085903380348
0.000191660264853617
0.00022693893450137712
0.00026604087711742106
0.0003093560557219094
0.0003567687758244772
0.00040826304391186505
0.00046356770621169477
0.0005224492877895093
0.0005844793975673023
0.0006490455342660405
0.0007156556040515104
0.0007837254010152663
0.000852648954313657
0.0009217534414115698
0.0009903232401406027
0.0010575520019131441
0.0011227791685268784
0.001185289378395032
0.001244397029106906
0.0012994610446686555
0.001349872389577109
0.001395077739434663
0.0014347108420333051
0.0014684513638153177
0.001496050100931444
0.0015174129555635147
0.001532464934334648
0.0015412599286897804
0.0015439639728598022
0.0015408378987835933
0.0015322299968212258
0.001518566824386453
0.0015003424654419881
0.0014781065834347186
0.0014524516358160504
0.0014239996286809762
0.0013933887843788704
0.0013612604729315602
0.0013282467202688207
0.0012949585541225418
0.0012619753844539943
0.001229835543257651
0.0011990280334435493
0.0011699854643463662
0.0011430780892304133
0.001118608815370214
0.0010968090370035402
0.0010778351515390522
0.0010617656633293857
0.00104859885701419
0.0010382511293299764
0.0010305561948531045
0.0010252655131908525
0.0010220504048518372
0.0010205064105936585
0.0010201604841862057
0.0010204815714288564
0.0010208949998017714
0.0010208008660424965
0.0010195962527688892
0.001016700637531625
0.0010115833193623796
0.001003791166181497
0.000992974611748284
0.0009789097409911196
0.0009615145765556837
0.0009408582832877716
0.000917162798532588
0.0008907971865694381
