0.0
8.015581608460336e-15
1.1608505699237462e-12
2.109416909112484e-11
1.6071821872716952e-10
7.680523986921943e-10
2.737459470136179e-09
7.970858983609127e-09
2.001296181791713e-08
4.485544337785872e-08
9.187038111065738e-08
1.7499580572020522e-07
3.1424407578296004e-07
5.380115998633176e-07
8.820001778603904e-07
1.3904645589070053e-06
2.1101069548274783e-06
3.1067816413356858e-06
4.624209923114018e-06
6.838679979384047e-06
9.825800301825488e-06
1.373544436621761e-05
1.9006767424797854e-05
2.554409299747445e-05
3.3737312383739345e-05
4.386293995759809e-05
5.6211632094878014e-05
7.106926294912133e-05
8.868688318623744e-05
0.00010933688922438568
0.00013324856795103446
0.00016051085903380348
0.000191660264853617
0.00022693893450137712
0.00026604087711742106
0.0003093560557219094
0.0003567687758244772
0.00040826304391186505
0.00046356770621169477
0.0005224492877895093
0.0005845360941115364
0.0006491543061041129
0.0007158631861301512
0.0007841230287695766
0.0008527248907335503
0.0009211442205189314
0.0009883272807867248
0.0010541531100504722
0.0011176270674444766
0.0011781620476484325
0.0012349982386377829
0.001287508081096228
0.0013350968273468816
0.0013772696472020278
0.001412873879471377
0.0014416180157168373
0.0014641973500202038
0.0014807486662572697
0.001491292489037897
0.001496055052033455
0.0014953484472829564
0.0014895909895271614
0.0014792276614983642
0.0014646737737635863
0.0014464556036910983
0.0014252048311412693
0.0014015057168427147
0.0013759049058840209
0.0013489240098950885
0.0013210878397042602
0.0012927785243747303
0.001264382119197016
0.001236216028901455
0.001208533496806223
0.0011816211419752743
0.001155582942531626
0.0011304430160453973
0.0011062021000598989
0.0010828069156739637
0.0010601562254182926
0.001038107802386457
0.0010164862832079782
0.0009950919244975551
0.0009737102947405334
0.000952122898675762
0.0009301186445052073
0.0009075059319559283
0.0008841249714999672
0.0008598597545666231
0.0008346489151910128
0.0008084945985725987
0.0007814684047821353
0.000753713596584958
0.0007254431200322381
0.000696933357865041
0.0006685139699997563
0.0006405546660059367
0.000613450096404912
0.0005876041585124962
0.0005634148846105959
0.0005412607935513219
