0.0
-5.60880400293426e-27
-4.7941723368327517e-23
-9.412822364468382e-21
-3.9521861869081213e-19
3.570488815244122e-12
7.500625030448135e-11
4.584616702359341e-10
1.8301426674377571e-09
5.707170042810803e-09
1.5037199444727553e-08
3.510437806102698e-08
7.438474170815038e-08
1.455246770533316e-07
2.664691490103319e-07
4.591766694628994e-07
7.533042521023468e-07
1.189744951609185e-06
1.8166042664582138e-06
2.691322436376698e-06
3.887792024030606e-06
5.87736515749528e-06
8.530787965518597e-06
1.2036967889671383e-05
1.657758235479244e-05
2.2408962485802114e-05
3.0434483953399074e-05
4.0395411629514364e-05
5.253622343686034e-05
6.709928731392489e-05
8.432387648516836e-05
0.00010440087817790171
0.00012753614623610852
0.0001538763914156551
0.00018351775992362274
0.0002165291250945374
0.0002531419876108274
0.00029327780117844573
0.0003368721369329013
0.00038378008385491164
0.00043466784099912317
0.0004899596025285186
0.0005482106251601442
0.0006089076444229927
0.0006715048770655391
0.0007353997143286168
0.0007999378636206839
0.0008644241415064471
0.0009281357532291576
0.0009903370503284304
0.0010502951538114858
0.0011072959316366544
0.0011606598640453083
0.001209757359989667
0.0012540231117378305
0.0012929691001160358
0.001326195895657746
0.001353401943051294
0.001374390566243606
0.001389074486520878
0.0013974777031473147
0.0013997346439587326
0.0013960865512900004
0.001386875127895351
0.0013725335306265163
0.0013535748699404094
0.0013305784539164973
0.0013041741075844999
0.0012750249995124357
0.0012438095102642183
0.0012112027688245407
0.0011778585472520563
0.0011443922245104438
0.0011113654959173161
0.0010792734115294535
0.0010485341818093701
0.001019482008116942
0.000992363000891262
0.0009673340631508482
0.0009444644614913516
0.0009237396954120454
0.0009050672154438696
0.0008882835307677924
0.0008731622812749829
0.0008594229164779772
0.0008467397111700907
0.000834750941708174
0.0008230681349862558
0.0008112853747305072
0.0007989886998487389
0.0007857656534149724
0.0007712150372889282
0.000754956897236295
0.000736642709199554
0.0007159656630729629
0.000692670851896146
0.0006665650803830603
0.0006375259189200426
0.0006055095622519602
0.0005705570217754788
0.0005327982001127458
