0.0
4.887376670835549e-15
6.232937923583352e-13
1.058466068538708e-11
7.861982517630964e-11
3.961320046092393e-10
1.5665851883189948e-09
5.055411822848334e-09
1.3725131485744188e-08
3.261166159157766e-08
6.902562678843271e-08
1.4197045406443517e-07
2.7221444433976096e-07
4.880990912009134e-07
8.291338838537218e-07
1.3308145236059262e-06
2.0763134115242494e-06
3.129497712229999e-06
4.58576704986746e-06
6.552637241699105e-06
9.412050241208387e-06
1.3463178882624645e-05
1.8798487509771117e-05
2.5700616350334324e-05
3.4474264305320396e-05
4.533713308025754e-05
5.857996494866828e-05
7.464281951123831e-05
9.386933199982782e-05
0.00011658997328328421
0.0001434012033132812
0.00017461661144021012
0.0002102216522399792
0.0002503940497489396
0.0002952309783422393
0.00034474747294498587
0.0003988689102824075
0.00045742493349491765
0.0005201455591971759
0.000586659796594456
0.0006564969866335696
0.0007290909857344613
0.0008037872216403254
0.0008798525225701978
0.0009564874947488102
0.0010328411327922055
0.0011080272872445972
0.0011811425589212136
0.0012512851330896543
0.0013175740186955852
0.0013791681300883206
0.0014352846445622588
0.001485216087560438
0.0015283456373852123
0.001564160202350595
0.001592260905290327
0.0016123707113184543
0.00162433904744399
0.0016281433707422972
0.0016238877238595104
0.0016117983643724378
0.0015922165921832816
0.001565588971162848
0.001532455265096324
0.001493434547770247
0.001449210047770051
0.001400513325561124
0.0013481083660622111
0.0012927761269113938
0.0012353000239458708
0.0011764527632147311
0.0011169848412879572
0.0010576149320397326
0.0009990222608662227
0.0009418409423913369
0.0008866561346217253
0.0008340017534069951
0.000784359408196217
0.0007381581720312878
0.0006957747878815954
0.0006575339371065479
0.0006237082500239116
0.0005945178205873691
0.000570129094548752
0.0005506531274915083
0.000536143344782167
0.0005265930646956617
0.0005219331528955255
0.0005220302479953367
0.0005266860258441233
0.0005356379515251452
0.000548561904484719
0.0005650769587417985
0.0005847524640120525
0.0006071174134707335
0.0006316719094808954
0.0006579003607420323
0.0006852858752993845
0.0007133251680162984
0.0007415431946916059
0.0007695066747760772
