0.0
4.887376670835549e-15
6.232937923583352e-13
1.058466068538708e-11
7.861982517630964e-11
3.961320046092393e-10
1.5665851883189948e-09
5.055411822848334e-09
1.3725131485744188e-08
3.261166159157766e-08
6.902562678843271e-08
1.4197045406443517e-07
2.7221444433976096e-07
4.880990912009134e-07
8.291338838537218e-07
1.3308145236059262e-06
2.0763134115242494e-06
3.129497712229999e-06
4.58576704986746e-06
6.552637241699105e-06
9.412050241208387e-06
1.3463178882624645e-05
1.8798487509771117e-05
2.5700616350334324e-05
3.4474264305320396e-05
4.533713308025754e-05
5.857996494866828e-05
7.464281951123831e-05
9.386933199982782e-05
0.00011658997328328421
0.0001434012033132812
0.00017461661144021012
0.0002102216522399792
0.0002503940497489396
0.0002952309783422393
0.00034474296736713885
0.00039884199166102124
0.00045737619652387037
0.0005200765382101198
0.0005865732139867673
0.0006563975021899522
0.000728985929414804
0.0008036873304794709
0.0008797726445633413
0.0009564472314108369
0.0010328654097587625
0.0011081468415965099
0.0011813943228823013
0.001251712498843864
0.0013182269942716598
0.0013801034206342834
0.0014365656834168833
0.0014869129854083274
0.0015305349488147421
0.0015669243821650883
0.0015956873618625169
0.001616550424715457
0.0016293647545726631
0.0016341073091528354
0.0016308788842913395
0.0016198991552607408
0.0016014987961179413
0.0015761088998533861
0.0015442480973039776
0.001506507934862278
0.0014635371659155521
0.0014160256388850176
0.001364688447080745
0.0013102509539257162
0.0012534352289643412
0.0011949483348654218
0.0011354727974791814
0.0010756594671296207
0.0010161228375633396
0.000957438732836886
0.0009001441101096047
0.000844738568362442
0.0007916870113393196
0.0007414228004769501
0.0006943506639892397
0.0006508486152114322
0.0006112681887685312
0.0005759324353674266
0.0005451313269739888
0.0005191145067345761
0.0004980816538728129
0.00048217109250984043
0.0004714476140503328
0.0004658907587473805
0.0004653849681099171
0.00046971304092910805
0.00047855418467474464
0.0004914876552698537
0.0005080025459366829
0.0005275137569140942
0.0005493835946268744
0.0005729478564492978
0.0005975447088367333
0.000622544231138454
0.0006473762565459712
0.0006715541689983736
