0.0
4.887376670835549e-15
6.232937923583352e-13
1.058466068538708e-11
7.861982517630964e-11
3.961320046092393e-10
1.5665851883189948e-09
5.055411822848334e-09
1.3725131485744188e-08
3.261166159157766e-08
6.902562678843271e-08
1.4197045406443517e-07
2.7221444433976096e-07
4.880990912009134e-07
8.291338838537218e-07
1.3308145236059262e-06
2.0763134115242494e-06
3.129497712229999e-06
4.58576704986746e-06
6.552637241699105e-06
9.412050241208387e-06
1.3463178882624645e-05
1.8798487509771117e-05
2.5700616350334324e-05
3.4474264305320396e-05
4.533713308025754e-05
5.857996494866828e-05
7.464281951123831e-05
9.386933199982782e-05
0.00011658997328328421
0.0001434012033132812
0.00017461661144021012
0.0002102216522399792
0.0002503940497489396
0.0002952309783422393
0.00034474296736713885
0.00039884199166102124
0.00045737619652387037
0.0005200765382101198
0.0005865732139867673
0.000656327728382258
0.0007286875890816951
0.0008031332194844134
0.000878952692291729
0.0009553579265647895
0.001031509152325315
0.0011065325256634812
0.0011795382839985998
0.0012496397926609138
0.0013159730108844236
0.001377715821482848
0.00143410665840859
0.0014844618740205403
0.001528191310289815
0.0015648115777228686
0.0015939566107730722
0.0016153851731283996
0.0016289851388849791
0.0016347745568421799
0.0016328996565935056
0.0016236300057931165
0.0016073509588554
0.001584553437009951
0.0015558211077987317
0.0015218152616869977
0.0014832579851350304
0.0014409143951744047
0.0013955746649683617
0.001348036431648994
0.0012990880501516382
0.0012494930758082346
0.001199976302201864
0.0011512116164590926
0.0011038118440548218
0.001058320641705655
0.001015206375405797
0.0009748578086672881
0.0009375813365746854
0.000903599442298739
0.0008730500293506375
0.0008459862988401956
0.0008223768984715463
0.0008021061683982615
0.0007849744439364871
0.0007706985374891289
0.0007589126981249281
0.0007491705190797021
0.0007409484098568964
0.0007336513480543776
0.0007266216549054595
0.0007191514798146606
0.0007104995214760906
0.0006999122543981449
0.000686649579256436
0.0006700143955640739
0.0006493851401118739
0.0006242498890332008
0.000594240235680123
0.0005591628812951313
0.0005190267543318477
0.0004740635369145339
