0.0
1.00130487889003e-22
2.230497658149515e-19
1.9613256510187998e-17
4.647234978035773e-16
4.211628880628571e-11
4.1522216647451403e-10
1.884265050791304e-09
6.214495797845633e-09
1.6815689566007383e-08
3.417397180285249e-08
8.184173160927706e-08
1.7093700343397225e-07
3.305629846427745e-07
5.993674884188219e-07
1.0361472045812732e-06
1.6964712757936123e-06
2.689768106089062e-06
4.132517623438209e-06
6.1647682170402485e-06
8.975343972690932e-06
1.2865233416434352e-05
1.8023249986871627e-05
2.472251397055186e-05
3.3262263583901214e-05
4.396098541803937e-05
5.7149752719044014e-05
7.316416700756929e-05
9.233509174984357e-05
0.00011497841424594157
0.00014138413007257347
0.00017180509387210283
0.0002064458176268972
0.0002454517208583117
0.00028889924502855085
0.00033678723597281243
0.000389029973276868
0.000445452184655545
0.0005057863277712744
0.0005696723533854563
0.0006366600846502341
0.000706214260587059
0.000777722200580922
0.0008505039544963137
0.000923824713340549
0.0009969091717717002
0.001068957459509997
0.001139162196902687
0.001206726183131097
0.0012708801959184029
0.0013309003705354455
0.0013861246341098283
0.0014359676986055627
0.0014799341613890146
0.0015176293242253364
0.0015487674172858733
0.0015731770010952576
0.001590803412680533
0.0016017082186629093
0.0016060657338220542
0.0016041567551160754
0.0015963597449333497
0.0015831397705606373
0.0015650355669860059
0.0015426451351708674
0.001516610316245043
0.0014876007926551069
0.0014562979597462786
0.0014233790860901645
0.0013895021397661099
0.0013552916038874442
0.0013213255426240125
0.001288124114871467
0.0012561396733777007
0.0012257485390994908
0.0011972445088092429
0.001170834140735236
0.0011466338670763278
0.0011246689989479514
0.0011048747114678088
0.0010870991158668194
0.0010711085337009878
0.001056595079222853
0.0010431866261968676
0.0010304591841789295
0.0010179516379142774
0.0010051827139990347
0.0009916699317410649
0.0009769501673129025
0.0009606013052378196
0.0009422642617187777
0.0009216644395050947
0.000898631429884238
0.0008731155559335363
0.0008451997210869893
0.0008151050697018591
0.000783189246298607
0.0007499365714623988
0.0007159401778881371
0.0006818769495434145
0.0006484768334516529
