0.0
1.00130487889003e-22
2.230497658149515e-19
1.9613256510187998e-17
4.647234978035773e-16
4.211628880628571e-11
4.1522216647451403e-10
1.884265050791304e-09
6.214495797845633e-09
1.6815689566007383e-08
3.417397180285249e-08
8.184173160927706e-08
1.7093700343397225e-07
3.305629846427745e-07
5.993674884188219e-07
1.0361472045812732e-06
1.6964712757936123e-06
2.689768106089062e-06
4.132517623438209e-06
6.1647682170402485e-06
8.975343972690932e-06
1.2865233416434352e-05
1.8023249986871627e-05
2.472251397055186e-05
3.3262263583901214e-05
4.397191088777055e-05
5.716640152089745e-05
7.318212493049785e-05
9.235418021615026e-05
0.00011500022293393722
0.00014141172224618544
0.000171842916971997
0.00020649951334479402
0.00024552773093329246
0.00028900416606065935
0.00033692691283664187
0.00038920835588797587
0.00044567001010131237
0.0005060397275490832
0.0005699515196614743
0.000636948154874391
0.0007064865917259206
0.0007779462002206724
0.0008506396172659204
0.0009238259818898413
0.0009967262073675457
0.0010685398719023477
0.0011384632467385594
0.0012057079300930374
0.001269519518068399
0.0013291957221866824
0.0013841033402644388
0.0014336935053049405
0.001477514676914804
0.0015152229011088758
0.0015465889457414186
0.0015715020177864444
0.0015899698821881863
0.001602115326379491
0.0016081690457541106
0.0016084591589684638
0.0016033976932494282
0.001593464503986285
0.001579189204706125
0.0015611317778896727
0.0015398626087988411
0.001515942728564967
0.0014899050647006974
0.0014622374732950318
0.0014333682651531514
0.0014036548377092033
0.0013733758877736521
0.0013427275119658588
0.0013118233097575568
0.0012806983987000314
0.001249317044831769
0.0012175834167232902
0.001185354802448118
0.001152456497474773
0.0011186974889305183
0.0010838860364529362
0.0010478442874228078
0.0010104211662134207
0.0009715029391959152
0.0009310210684596546
0.0008889572078376131
0.0008453454367070713
0.0008002720367157724
0.0007538732625399373
0.0007063316205030365
0.0006578711496345454
0.0006087521221324625
0.0005592654812050508
0.0005097272479260393
0.0004604730714116527
0.00041185306284878857
0.00036422702444730286
0.0003179601403133894
0.00027341912999217057
0.00023096878391193473
0.00019096872028689067
