0.0
1.00130487889003e-22
2.230497658149515e-19
1.9613256510187998e-17
4.647234978035773e-16
4.211628880628571e-11
4.1522216647451403e-10
1.884265050791304e-09
6.214495797845633e-09
1.6815689566007383e-08
3.417397180285249e-08
8.184173160927706e-08
1.7093700343397225e-07
3.305629846427745e-07
5.993674884188219e-07
1.0361472045812732e-06
1.6964712757936123e-06
2.689768106089062e-06
4.132517623438209e-06
6.1647682170402485e-06
8.975343972690932e-06
1.2865233416434352e-05
1.8023249986871627e-05
2.472251397055186e-05
3.3262263583901214e-05
4.397191088777055e-05
5.716640152089745e-05
7.318212493049785e-05
9.235418021615026e-05
0.00011500022293393722
0.00014141339164274822
0.0001718671042986974
0.00020655585208064622
0.0002456279556186789
0.00028916349193028074
0.00033716313218094807
0.0003895415710528386
0.00044612238452378485
0.00050663507085778
0.0005707146200960055
0.0006379037968826556
0.0007076582154548237
0.0007793541856856557
0.0008522992102559301
0.000925744917001364
0.0009989021196689701
0.001070957617309417
0.0011410922702392197
0.0012084998319742662
0.0012724059745247958
0.001332086921079524
0.001386887096732954
0.0014362352250553412
0.001479658335712839
0.0015167932050111576
0.0015473948254552312
0.0015713415898567212
0.0015886369773092548
0.0015994076391934464
0.0016038978996772454
0.0016024608031860222
0.0015955459572355051
0.001583684529130312
0.0015674718557731368
0.001547548213872473
0.0015245783701064953
0.0014992305845049451
0.001472155772957171
0.0014439675441868254
0.0014152238110124392
0.0013864106340399241
0.001357928887636429
0.001330084243601301
0.0013030808490831834
0.0012770189351727118
0.0012518964361109448
0.0012276145329175557
0.0012039868680089496
0.00118075201909589
0.0011575886820422115
0.0011341329031763062
0.0011099966280220888
0.001084786795517141
0.0010581241971605545
0.001029661328366224
0.0009990984803788456
0.0009661973686210771
0.0009307916963758082
0.0008927942341453581
0.0008522002425233352
0.0008090873275121047
0.0007636120312500685
0.0007160035998549667
0.0006665554485950208
0.0006156148974025639
0.0005635718003674538
0.0005108467410130042
0.00045787949284884
0.0004051184290592849
0.0003530114888562033
0.0003019991646142586
