0.0
4.887220402791074e-15
6.232164785584254e-13
1.0581715374692843e-11
7.858086026896726e-11
3.6092781613131683e-10
1.313689105720807e-09
3.997790306612934e-09
1.0380323854180127e-08
2.3769320708526396e-08
5.015005260169465e-08
9.910788823591307e-08
1.8250033435442648e-07
3.1247520274765975e-07
5.097315361513695e-07
8.731550361248039e-07
1.4740981528858752e-06
2.3575979736073644e-06
3.6349446136714283e-06
5.419551304694284e-06
7.842848415091239e-06
1.10586678274169e-05
1.5238118153062579e-05
2.0566147894745288e-05
2.723793197853184e-05
3.5454345183880546e-05
4.5416530646296896e-05
5.7319691584058275e-05
7.134627179835935e-05
8.765872436127287e-05
0.00010639210694766106
0.00012764677240463486
0.0001514814313527176
0.0001779068561354275
0.00020688048226539458
0.00023830214506762
0.0002720111622379012
0.0003077849365955061
0.0003453392086837217
0.0003843300380620112
0.00042435753725210515
0.00046497132546300177
0.0005056776125307809
0.000545947769023134
0.0005852281881169338
0.0006229512004191405
0.0006585467658802473
0.0006914546385586057
0.0007211366811115885
0.0007470889970348673
0.0007688535500010487
0.0007860289509679561
0.0007982801145123514
0.0008053465152847424
0.0008070488125192085
0.0008032936539238234
0.0007940765186430051
0.0007794825108666179
0.0007596850695801938
0.0007349426144470592
0.0007055932014860987
0.0006720473137478586
0.0006347789603930799
0.0005943153013556703
0.0005512250531609155
0.000506105963621997
0.0004595716683199651
0.00041223825936349183
0.00036471090641674344
0.0003175708709899407
0.0002713632472551038
0.0002265857460802563
0.00018367881364620016
0.00014301734219685964
0.00010490418867193582
6.956566790753424e-05
3.7149131737889064e-05
7.722684911010738e-06
-1.872297527496974e-05
-4.2270674535046946e-05
-6.30709768442264e-05
-8.133470670067544e-05
-9.732404301898869e-05
-0.00011134249775572695
-0.00012372412862071978
-0.00013482235591604356
-0.00014499875599321066
-0.00015461218665140632
-0.00016400856353340914
-0.00017351155393664886
-0.0001834143902213592
-0.0001939729353303435
-0.00020540006437452866
-0.00021786136463368294
-0.00023147210602081158
-0.00024629539754030883
-0.00026234142321759793
-0.00027956764265734535
-0.00029787984511862756
-0.00031713395953769343
-0.0003371385436683502
