0.0
-2.6044024984627965e-27
-2.0993856294479072e-23
-4.0605866142805495e-21
-1.6959757539519234e-19
1.937890351655624e-10
1.2175124204030093e-09
4.39973865446691e-09
1.2783857214197776e-08
3.269744929468375e-08
7.330987617059322e-08
1.5679381531381338e-07
3.1052507560464096e-07
5.781278242216873e-07
1.0206841983340642e-06
1.7117129265050164e-06
2.764839553443836e-06
4.305859071003329e-06
6.491052999907925e-06
9.504790639372619e-06
1.3515959445315961e-05
1.8745985337238777e-05
2.551525928337861e-05
3.409345475840845e-05
4.477169754731121e-05
5.773142857649784e-05
7.350540165788048e-05
9.233007256838466e-05
0.00011451203905626605
0.00014032201787240125
0.00017026884354450584
0.00020464728505070908
0.000243484998792155
0.00028688718675999624
0.0003348720789320831
0.0003871992196672335
0.0004441908674517979
0.0005053682714901734
0.0005703030581911609
0.0006385023744778756
0.0007093813662439181
0.0007822658415349823
0.0008564017296181593
0.0009309683646008097
0.0010050946824234023
0.0010778777410558192
0.001148402995745073
0.001215765722913442
0.0012790929449399547
0.0013375651813289288
0.0013904373461666058
0.0014370581294843039
0.001476887241161238
0.0015095099588588348
0.00153464850370654
0.0015521698658495957
0.0015620898128045234
0.001564572932803192
0.0015599286887108075
0.001548603581382463
0.0015311696402359172
0.0015083095692969004
0.0014807989752684556
0.0014494861870012693
0.0014152702404334613
0.0013790776477194096
0.0013418385928421024
0.001304463198397906
0.0012678184902988252
0.0012327066505880423
0.001199845095925591
0.0011698488536990121
0.0011432156326746687
0.0011203139043043733
0.0011013742278064087
0.0010864839701547097
0.0010755854937619447
0.0010684778118119184
0.0010648216449325244
0.0010641477534140613
0.0010658683659372113
0.0010692914776792178
0.0010736377462950719
0.0010780596721660627
0.00108166270827858
0.0010835279044753736
0.0010827356506730027
0.0010783900448627338
0.0010696433760385975
0.0010557201820676379
0.0010359403208610408
0.0010097404831206655
0.0009766935793394218
0.0009365254549826919
0.0008891284273356034
0.0008345711956665764
0.0007731047521143516
0.0007051640116929015
0.0006313649824656679
0.0005524974068034463
0.00046951291680590073
