0.0
-2.6044024984627965e-27
-2.0993856294479072e-23
-4.0605866142805495e-21
-1.6959757539519234e-19
1.937890351655624e-10
1.2175124204030093e-09
4.39973865446691e-09
1.2783857214197776e-08
3.269744929468375e-08
7.330987617059322e-08
1.5679381531381338e-07
3.1052507560464096e-07
5.781278242216873e-07
1.0206841983340642e-06
1.7117129265050164e-06
2.764839553443836e-06
4.305859071003329e-06
6.491052999907925e-06
9.504790639372619e-06
1.3515959445315961e-05
1.8745985337238777e-05
2.551525928337861e-05
3.409345475840845e-05
4.477169754731121e-05
5.773142857649784e-05
7.350540165788048e-05
9.233007256838466e-05
0.00011451203905626605
0.00014032201787240125
0.00017026884354450584
0.00020464728505070908
0.000243484998792155
0.00028688718675999624
0.0003348720789320831
0.00038737242825352604
0.00044422743315217466
0.0005051780036401799
0.0005698648403050273
0.0006378293439568747
0.0007085174211366037
0.0007812861948230541
0.000855413545816424
0.0009301103185895449
0.0010045349342372863
0.0010778100676048948
0.0011490409696074337
0.0012173349523186727
0.0012818215061515784
0.0013416724872825875
0.0013961218006260387
0.0014444840096765792
0.001486171329226938
0.0015207084994605024
0.001547745098686091
0.0015670649249177459
0.001578592161008494
0.0015823941311494984
0.0015786805550167277
0.0015677993063363668
0.0015502287818063502
0.0015265670809520948
0.0014975182846596068
0.0014638761972250924
0.0014265059816318934
0.0013863241687565617
0.0013442775571993997
0.0013013215408654195
0.0012583984062709825
0.0012164161313182329
0.0011762281929338168
0.001138614853889923
0.0011042663510276026
0.0010737683499473277
0.0010475899671439583
0.0010260745917308465
0.0010094336674877629
0.0009977435240372179
0.0009909452753793738
0.0009888477364337997
0.0009911332450063136
0.0009973662187879304
0.0010070042253851877
0.0010194112985060916
0.0010338731956066882
0.0010496142617034228
0.0010658155407295916
0.0010816337597315947
0.0010962208022581008
0.001108743285294556
0.0011184018587052419
0.0011244498568633578
0.0011262109482768345
0.0011230954496749166
0.0011146149952152252
0.0011003952782142827
0.0010801866112682
0.0010538720803019025
0.0010214730988883532
0.0009831522015199096
0.0009392129492263603
