0.0
-2.6044024984627965e-27
-2.0993856294479072e-23
-4.0605866142805495e-21
-1.6959757539519234e-19
-3.0541343467150184e-18
-3.227495784157207e-17
-2.3592848362592337e-16
-1.3160474891861652e-15
-5.968191868330506e-15
-2.297591691724471e-14
-7.743822587563966e-14
-2.337648117760052e-13
-6.430623361401221e-13
-1.6338546916460393e-12
1.8229122532031833e-08
1.1242903893268649e-07
3.389466608566114e-07
7.487081739983668e-07
1.4198242624196706e-06
2.4437580553241784e-06
3.934532320894799e-06
6.02822198908726e-06
8.881770745656849e-06
1.2671325553834868e-05
1.758959826261278e-05
2.3842113280346735e-05
3.1642330245417174e-05
4.120570542151233e-05
5.274281686578297e-05
6.639781663682732e-05
8.28497260461502e-05
0.00010211098498494663
0.0001243949955863681
0.00014989267399487092
0.00017875563072514855
0.00021108494866605557
0.0002469214173114148
0.00028623677927015344
0.00032892627703314073
0.0003748028637515309
0.0004235934163270431
0.0004749372315339308
0.0005283869988777329
0.0005834123546140021
0.0006392549569557512
0.0006956470091936979
0.0007521092557975867
0.0008079319058452827
0.0008624135527577756
0.0009148508475232202
0.0009645496519158434
0.0010108408524681393
0.0010530970582499086
0.001090749046582355
0.0011233015831963512
0.0011503479006232866
0.0011715822100267163
0.0011868098426792914
0.0011959546292513172
0.001199063058671428
0.0011963048140985815
0.0011879696243155455
0.0011744607582303197
0.0011562855214159772
0.0011340429337810415
0.0011084087692237433
0.001080118309671751
0.0010499473164046968
0.0010186917958494419
0.0009871471645774416
0.0009560874226387829
0.0009262449319386629
0.0008982913673489528
0.0008728203628903091
0.0008503323150747174
0.0008312217328087658
0.0008157674411621991
0.0008041258581296132
0.000796327472642748
0.0007922765618045937
0.0007917540986449626
0.0007944237213147883
0.0007998405627726134
0.0008074626783918582
0.000816664758697596
0.0008267537762121163
0.0008369861891313242
0.0008465863096031682
0.0008547654393090481
0.0008607413774746664
0.0008637579128010409
0.0008631039164946932
0.0008581316540510983
0.0008482739271084086
0.0008330596489612269
0.0008121274625758337
0.0007852370457597374
0.0007522778207418592
0.0007132748772752997
0.000668391995168103
