0.0
5.298074255495873e-15
6.670712481068696e-13
1.1320747075394064e-11
8.408734980934715e-11
4.755189802481979e-10
2.3414351550268567e-09
6.094063263381444e-09
1.430251169159461e-08
3.1213661944029124e-08
6.200910524179424e-08
1.1426491958757087e-07
2.0177644305474815e-07
3.4276330639681334e-07
5.615596985969552e-07
8.929510233498417e-07
1.3788178919599603e-06
2.0822834935506266e-06
3.096627812955737e-06
4.499659250820508e-06
6.529189249349392e-06
9.203050383614188e-06
1.283085485857184e-05
1.758361497021698e-05
2.365968913477124e-05
3.14279034325254e-05
4.138795088460721e-05
5.375898371848724e-05
6.889229257110499e-05
8.712048969230028e-05
0.0001088523811619232
0.00013427605257041556
0.00016369043263086494
0.00019731115725167808
0.00023529389204182802
0.00027775973112030626
0.0003247050644045716
0.0003760530059220143
0.00043165490049712084
0.0004912507008906144
0.0005540472748665314
0.00061953899699381
0.0006876523033412382
0.000757706834396839
0.000828981180381278
0.0009007591363071974
0.000971933041988975
0.0010418664821158473
0.0011097696849358039
0.0011747854922238797
0.001236070763893416
0.0012928202797506628
0.0013442865789685577
0.001389798295808419
0.0014287768623577424
0.001460751141941659
0.0014853695469099312
0.0015024092499524603
0.0015117821783511537
0.0015135375748258836
0.001507861011761222
0.001495069853598466
0.0014756052711838378
0.0014500210180212547
0.00141896927789601
0.001383183982618703
0.001343462074428645
0.0013006432471266917
0.0012555887411440968
0.0012091597891279266
0.0011621963097390654
0.0011154964286678275
0.0010697973688020244
0.0010257581984022088
0.000983944860253339
0.000944817829919783
0.0009087226716475597
0.0008758836803642046
0.0008464007214583522
0.0008202493095965152
0.000797283905575311
0.0007772443564614314
0.0007597653578156134
0.0007443887749598802
0.0007305786192921245
0.0007177384313921084
0.0007052307712544386
0.0006923984547889957
0.0006785871041027495
0.0006631684989426262
0.0006455641327543264
0.0006252682964114734
0.0006018699450678678
0.0005750725589961598
0.0005447111975768819
0.0005107659749653535
0.00047337126159777485
0.0004328200388620917
0.00038956300171899327
0.00034420220806097377
0.00029747930240383864
