0.0
5.298074255495873e-15
6.670712481068696e-13
1.1320747075394064e-11
8.408734980934715e-11
4.962006312762271e-10
2.4565349347999594e-09
6.266669546636852e-09
1.462097005752832e-08
3.179613474419606e-08
6.325346913477383e-08
1.1744202838623221e-07
2.11057584815418e-07
3.6642576996725676e-07
6.14920248818212e-07
1.0228646323505944e-06
1.699553917599792e-06
2.7271290380827833e-06
4.232849082415301e-06
6.375462585443338e-06
9.327216077856085e-06
1.3294627450314387e-05
1.854022675433468e-05
2.534275412558154e-05
3.4006199054067906e-05
4.485186806997766e-05
5.82210786253447e-05
7.444934822695879e-05
9.387599317211062e-05
0.0001168267925794179
0.0001436037131954587
0.0001744736302282746
0.00020965678919421146
0.00024931544832769014
0.00029354317009086116
0.0003423552070968401
0.00039568039001127136
0.0004533548841181118
0.0005151181342584322
0.0005806112606230172
0.000649378099071176
0.0007208690003910658
0.0007944474157627972
0.0008693992038923802
0.000944944502417967
0.001020251915879386
0.001094454688309831
0.0011666684536297569
0.00123601009440972
0.0013016171916758951
0.0013626675171805045
0.0014183980062842118
0.0014681226550116175
0.0015112488090215908
0.0015472913546192902
0.0015758843813296233
0.0015967899601238098
0.0016099037686804318
0.001615257391976916
0.0016130172293519285
0.0016034800437463536
0.0015870652905962395
0.0015643044582982584
0.0015358277352167148
0.0015023483866647086
0.0014646452772367224
0.0014235440087490192
0.0013798971625570754
0.001334564138739114
0.0012883910755550087
0.0012421913127479635
0.0011967268335592262
0.0011526910845733854
0.0011106935315395975
0.0010712462651240593
0.0010347529253149897
0.0010015001691010875
0.0009716518649346347
0.0009452461604928403
0.0009221955373511841
0.000902289935946815
0.000885203003720959
0.0008705014844045699
0.0008576577221351106
0.0008460651956232988
0.0008350569211500053
0.0008239264670703787
0.0008119512079759006
0.0007984173183940084
0.0007826458720003278
0.0007640192837550404
0.0007420072218776576
0.0007161910371264058
0.0006862857200272536
0.000652158411122853
0.0006138425594465865
0.0005715469499243477
0.0005256589960877455
0.0004767419109195644
0.00042552561323401083
0.0003728914852802035
