0.0
5.298074255495873e-15
6.670712481068696e-13
1.1320747075394064e-11
8.408734980934715e-11
4.755189802481979e-10
2.3414351550268567e-09
6.094063263381444e-09
1.430251169159461e-08
3.1213661944029124e-08
6.200910524179424e-08
1.1426491958757087e-07
2.0177644305474815e-07
3.4276330639681334e-07
5.615596985969552e-07
8.929510233498417e-07
1.3788178919599603e-06
2.0822834935506266e-06
3.096627812955737e-06
4.499659250820508e-06
6.529189249349392e-06
9.203050383614188e-06
1.283085485857184e-05
1.758361497021698e-05
2.365968913477124e-05
3.14279034325254e-05
4.138795088460721e-05
5.375898371848724e-05
6.889229257110499e-05
8.712048969230028e-05
0.0001088523811619232
0.00013427605257041556
0.00016369043263086494
0.00019731115725167808
0.00023529389204182802
0.00027775973112030626
0.0003247050644045716
0.0003760530059220143
0.00043165490049712084
0.0004912507008906144
0.0005544773521532764
0.0006208707248965509
0.0006898695496400241
0.0007608221170401972
0.0008329958185072911
0.0009055894107688068
0.0009777477695191571
0.001048578799585487
0.0011171720842783012
0.0011826187849930283
0.0012440322455487707
0.0013005687161960569
0.001351447591368361
0.0013959705542429335
0.0014335390405490127
0.0014636694736731724
0.0014860057821103304
0.0015003287871130594
0.0015065621406955953
0.0015047745989503459
0.0014951785293003778
0.0014781246686813617
0.001454093268189871
0.0014236818737490922
0.0013875900971990459
0.001346601823625587
0.00130156537502311
0.001253372204720358
0.0012029347296276251
0.0011511639177125856
0.0010989472368329672
0.0010471275399724059
0.00099648341389283
0.0009477114568878257
0.0009014108808629226
0.0008580707577219284
0.0008180601541654903
0.0007816213261314453
0.0007488660769951856
0.00071977532395163
0.0006942018650931709
0.0006718762946427658
0.0006524159734688849
0.0006353369233645771
0.0006200684731157316
0.0006059704387179343
0.0005923525665712431
0.0005784959057892876
0.0005636757044676359
0.0005471853475773402
0.0005283607759291
0.0005066047530130313
0.0004814102871619393
0.0004523824782383117
0.00041925804776832217
0.00038192183399413625
0.00034041959072761906
0.0002949665199767616
0.00024595108875244415
0.00019393382336301132
0.0001396409314192639
