0.0
5.297901674967948e-15
6.669843223995748e-13
1.1317424122167147e-11
8.404339410683306e-11
3.725218502414631e-10
1.2728442697177797e-09
3.750283921747536e-09
9.70015572842223e-09
2.2493067158676925e-08
4.765562622316283e-08
9.35583771447805e-08
1.728173319675853e-07
3.0334620759615283e-07
5.092868704558435e-07
8.264329530734244e-07
1.2994838564645543e-06
1.9965346796679447e-06
2.986851725287432e-06
4.365015159256993e-06
6.293236379903483e-06
9.132101764076529e-06
1.3022310677579303e-05
1.8148409511626957e-05
2.473176919583039e-05
3.29628483033799e-05
4.321849428611425e-05
5.585711457996613e-05
7.121601038922491e-05
8.963301807401947e-05
0.00011172663128608526
0.0001380767579811321
0.00016849034326898703
0.00020315787276466184
0.0002422159697041598
0.00028557394557767525
0.000332755739904627
0.00038399310814361544
0.00043916525097182496
0.0004980021248915615
0.0005602863034772737
0.0006255642608609062
0.0006931293054518407
0.0007623300331928622
0.0008324356221719122
0.0009026536461358362
0.0009721460588646001
0.001040046676532985
0.0011054800635860935
0.001167581376697962
0.001225516630650937
0.0012785028100395354
0.0013258272361433305
0.0013668656050468161
0.0014010981398429746
0.0014281233454076882
0.0014476689173067237
0.001459599434998674
0.0014639205612913483
0.0014607795722327752
0.0014504621511120227
0.0014333854934960961
0.0014100878834462716
0.0013812150102760028
0.0013475033964445167
0.0013097613965922746
0.0012688483018458384
0.0012256521394603207
0.0011810667935219289
0.001135969086658271
0.0010911964554382472
0.0010475258244583483
0.0010056542381691861
0.0009661817484066497
0.0009295969831709284
0.0008962657426216102
0.0008664228856557818
0.000840167688444663
0.0008174627776550388
0.000798136667293943
0.0007818898593603104
0.0007683044036954177
0.0007568567496413863
0.0007469336590987907
0.0007378508854947998
0.0007288742552972963
0.000719242718833167
0.0007081928676476479
0.000694984349976984
0.0006789255579807581
0.0006593989136378404
0.0006358850471672987
0.0006079851441774119
0.0005754407370161678
0.0005381502343033142
0.0004961815239709011
0.0004497800538730664
0.0003993718943165783
0.0003455614206513087
0.0002891234194449191
0.0002309896123371529
