0.0
5.297901674967948e-15
6.669843223995748e-13
1.1317424122167147e-11
8.404339410683306e-11
3.725218502414631e-10
1.2728442697177797e-09
3.750283921747536e-09
9.70015572842223e-09
2.2493067158676925e-08
4.765562622316283e-08
9.35583771447805e-08
1.728173319675853e-07
3.0334620759615283e-07
5.092868704558435e-07
8.264329530734244e-07
1.2994838564645543e-06
1.9965346796679447e-06
2.986851725287432e-06
4.365015159256993e-06
6.293236379903483e-06
9.132101764076529e-06
1.3022310677579303e-05
1.8148409511626957e-05
2.473176919583039e-05
3.29628483033799e-05
4.321849428611425e-05
5.585711457996613e-05
7.121601038922491e-05
8.963301807401947e-05
0.00011172663128608526
0.0001380767579811321
0.00016849034326898703
0.00020315787276466184
0.0002422159697041598
0.00028557394557767525
0.000332755739904627
0.00038399310814361544
0.00043916525097182496
0.0004980021248915615
0.0005602863034772737
0.0006255642608609062
0.0006931293054518407
0.0007623300331928622
0.0008324356221719122
0.0009027247218570631
0.000972423617664797
0.0010408074816440538
0.0011070467719199082
0.0011703127177793205
0.0012297979413235427
0.001284736578687653
0.0013344231950206166
0.0013782303454052528
0.0014156244153595593
0.0014461793201102876
0.0014695876609506935
0.001485668991323947
0.0014943749199078586
0.001495790865562009
0.001490134374641733
0.0014777500108092635
0.0014591009273044217
0.001434757328081193
0.00140538211390071
0.0013717140893581658
0.0013345491743403397
0.0012947201165917814
0.0012530752396381338
0.0012104567817540703
0.0011676793871940555
0.0011255093014308987
0.001084644799147911
0.00104569833911576
0.0010091808960444367
0.0009754888683273049
0.0009448939044970683
0.0009175359321065264
0.0008934196120270359
0.0008724143794985408
0.0008542581704707229
0.0008385648667508221
0.0008248354243619399
0.000812472574024788
0.0008007988985969845
0.0007890779981480831
0.0007765383490198513
0.0007623993505854281
0.0007458989366514554
0.000726322014036697
0.0007030288872504115
0.0006754827450309245
0.000643275231613455
0.0006061491117971716
0.0005640170708380668
0.0005169757714521501
0.00046531442058373167
0.0004095172739726317
0.0003502597192063383
0.0002883978171995439
0.00022495143531594582
