0.0
5.297901674967948e-15
6.669843223995748e-13
1.1317424122167147e-11
8.404339410683306e-11
3.725218502414631e-10
1.2728442697177797e-09
3.750283921747536e-09
9.70015572842223e-09
2.2493067158676925e-08
4.765562622316283e-08
9.35583771447805e-08
1.728173319675853e-07
3.0334620759615283e-07
5.092868704558435e-07
8.264329530734244e-07
1.2994838564645543e-06
1.9965346796679447e-06
2.986851725287432e-06
4.365015159256993e-06
6.293236379903483e-06
9.132101764076529e-06
1.3022310677579303e-05
1.8148409511626957e-05
2.473176919583039e-05
3.29628483033799e-05
4.321849428611425e-05
5.585711457996613e-05
7.121601038922491e-05
8.963301807401947e-05
0.00011172663128608526
0.0001380767579811321
0.00016849034326898703
0.00020315787276466184
0.0002422159697041598
0.00028557394557767525
0.000332755739904627
0.00038399310814361544
0.00043916525097182496
0.0004980021248915615
0.0005601260544823195
0.0006250606984648803
0.0006922376855398022
0.0007610046875082043
0.0008306357395844901
0.0009003439148473937
0.0009692961933114966
0.0010366302197018238
0.0011014725436167645
0.0011629578615924565
0.0012202487275754987
0.001272555165707504
0.0013191536073961024
0.001359404583515115
0.0013927686317532603
0.0014188199273576937
0.0014372572107760931
0.0014479116653157628
0.0014507514887565952
0.0014458830014388185
0.001433548236164237
0.0014141190588352359
0.0013880879698244797
0.0013560558315898722
0.0013187168552865785
0.0012768412556619546
0.001231256047272954
0.001182824504344438
0.0011324248401344645
0.0010809286787422242
0.001029179892713601
0.0009779743640215206
0.0009280411951018742
0.0008800258522702088
0.0008344756681518735
0.0007918280651464404
0.0007524017909177834
0.0007163913818165329
0.0006838649930206246
0.0006547656565438081
0.0006289159510646175
0.0006060259911835548
0.0005857045682331251
0.0005674731999873473
0.0005507827725263058
0.0005350323845673603
0.0005195899340236946
0.0005038139206352291
0.0004870758805310766
0.00046878282271766195
0.00044839900845229
0.0004254664069070438
0.0003996231783256365
0.00037061958139012055
0.00033833077497235665
0.00030276608356182596
0.0002640744156084595
0.00022254565779757421
0.00017860800744833125
0.00013282134093217115
8.586684004561467e-05
