0.15118553008831126
0.15240694908923869
0.1536371016886972
0.15486405187483934
0.15607457205721623
0.15736620941631194
0.15839436415982017
0.1594767784124976
0.16056444170713502
0.161657407719707
0.16275509337690933
0.16385716214531604
0.16496346418278401
0.16607395314491194
0.16718863211371215
0.1683075267979973
0.16943067157060082
0.1705580920360461
0.1716898089741496
0.1728258240933834
0.17396612471864842
0.17511067527572202
0.1762594224874225
0.1774122876924564
0.1785691709018389
0.17972994721386645
0.18089447176242732
0.18206257530750652
0.18323406751787552
0.18440873413797654
0.185586335961679
0.18676661449547532
0.1879492893457198
0.18913405066062208
0.19032056844448894
0.19150848218543423
0.1926974162685262
0.1938869629352754
0.19507669265253055
0.19626615280830514
0.19745485568569368
0.1986422894862446
0.19982792386732157
0.20101119138484452
0.20219149151934032
0.20336820405928457
0.20454067063834402
0.20570818663366833
0.2068700299196338
0.20802543583270267
0.2091735993707162
