0.15118553008831126
0.1518624890836911
0.15254366880225392
0.1532270581996875
0.15389087125154896
0.15458308443846583
0.15511566868160262
0.1556673865547537
0.15622527067002642
0.15678833417265636
0.1573555557950542
0.15792629241162115
0.15850014862764153
0.1590768671656852
0.15965628070506208
0.16023826724752158
0.16082273489915233
0.16140960597406082
0.16199881302510277
0.1625902850268564
0.16318395142452483
0.1637797343179396
0.16437755116766317
0.1649773136133654
0.165578927849866
0.16618229252096278
0.16678729682428983
0.16739382250671334
0.16800174266307213
0.16861092146687498
0.16922121512042565
0.1698324729737691
0.170444539551404
0.17105725070210087
0.1716704351852707
0.1722839131321336
0.17289750342571747
0.17351101461234972
0.1741242430496033
0.1747369842397168
0.1753490239294828
0.17596014258607293
0.1765701105548177
0.17717869353872984
0.1777856459916392
0.1783907146070013
0.178993634796568
0.17959413804251886
0.18019193615053206
0.1807867405993971
0.18137824700635335
