0.9999999999999992
0.9989176494452601
0.995676923234424
0.9902977308786832
0.9828128812386748
0.9732754981062903
0.9617602767314367
0.9483407445222521
0.9331076089728539
0.9161734673117031
0.8976578485381328
0.8776911868052377
0.8564137483763721
0.8339729619559111
0.8105236713388371
0.7862257006363648
0.7612422945807455
0.7357386290946436
0.7098801883463582
0.6838311373609572
0.657752706495354
0.6318016042793461
0.6061284753625352
0.580876420757805
0.5561795984529612
0.5321619238525496
0.5089358911611132
0.48660153822082847
0.4652455781386784
0.4449407214424712
0.42574521286066935
0.4077026071241613
0.3908418078374321
0.37517739145130685
0.36071023352292
0.34742844568165787
0.33530861838876147
0.32431734701980525
0.3144129988245432
0.30554765930127636
0.29766918273825393
0.29072326680939214
0.2846554763893989
0.27941315470319533
0.27494717493108706
0.27121349628098373
0.2681744917464069
0.2658000104858449
0.2640681275989162
0.2629655172175366
0.2624873576943173
