0.0
0.028775146105946555
0.057401374701114435
0.08572355735831338
0.11359217996661646
0.14083625426781327
0.16726939461939488
0.19276108016409899
0.21717473831656994
0.24038041534605756
0.2622591317365015
0.2827039425500715
0.30162108587278114
0.31893062953297024
0.33456663946882026
0.3484782953444018
0.36063007006085473
0.3710019198297141
0.3795893083992474
0.38640305932925023
0.3914690337875121
0.3948276330171595
0.3965331263806291
0.3966528079546364
0.39526598680596475
0.3924628176757593
0.38834297921422994
0.38301420649437834
0.3765906850582125
0.3691913171575798
0.3609378774606204
0.3519530839625219
0.3423586188373108
0.3322731431870627
0.3218103592056259
0.3110771827068175
0.3001720968379189
0.28918376202316215
0.27818995571432165
0.2672569072064553
0.25643907806967053
0.2457794199173422
0.23531012146071503
0.22505383822937616
0.21502538001341742
0.20523380867638039
0.1956848676528533
0.18638362387935242
0.17733716084836615
0.16855713141496953
0.16006197162699623
