0.9999999999999986
1.000000002501774
1.0000000511941243
1.000018287442606
1.0000788734649422
1.0001386486271935
1.0001695233448338
1.0001902030111145
1.0001900358917517
1.0001897276589733
1.000189446050861
1.0001889434542188
1.0001881672870483
1.0001872267945435
1.0001859191967841
1.0001844870145096
1.0001830373877432
1.0001812442048281
1.000179054450904
1.0001764108765758
1.0001732519102116
1.0001695115169151
1.0001651190718406
1.0001599992430776
1.0001540718921096
1.000147252002886
1.0001394496531555
1.0001305700439977
1.0001205136064124
1.0001091762068341
1.0000964494773454
1.0000822213002856
1.0000663764818714
1.0000487976540802
1.0000293664485755
1.000007964989863
0.9999844777558857
0.9999587938516137
0.9999308097331179
0.9999004324039555
0.999867583080994
0.9998322012904375
0.9997942493064484
0.9997537167829236
0.9997106253556304
0.9996650329119019
0.9996170371518301
0.9995667780270653
0.9995144387024066
0.9994602449574036
0.9994044636370958
